U1= [[1,-1,-1,0,-1,-1,0,0],[0,1,0,0,0,0,0,0],[0,0,1,0,0,0,0,0],[0,0,0,-1,1,0,0,0],[0,0,0,-1,0,1,0,0],[1,0,0,0,0,0,1,0],[1,0,0,0,0,0,0,1],[0,0,0,1,0,0,-1,-1],[-2,1,1,0,1,1,-1,-1]]
U2= [[1,-1,-1,0,-1,-1,0,0],[0,1,0,0,0,0,0,0],[0,0,1,0,0,0,0,0],[0,0,0,-1,1,0,0,0],[0,0,0,-1,0,1,0,0],[1,0,0,0,0,0,1,0],[1,0,0,0,0,0,0,1],[0,0,0,1,0,0,-1,-1],[-1,0,0,-1,0,1,0,0]]
U3= [[1,-1,-1,0,-1,-1,0,0],[0,1,0,0,0,0,0,0],[0,0,1,0,0,0,0,0],[0,0,0,-1,1,0,0,0],[0,0,0,-1,0,1,0,0],[1,0,0,0,0,0,1,0],[1,0,0,0,0,0,0,1],[0,0,0,1,0,0,-1,-1],[-1,0,0,-1,1,1,-1,0]]
U4= [[1,-1,-1,0,-1,-1,0,0],[0,1,0,0,0,0,0,0],[0,0,1,0,0,0,0,0],[0,0,0,-1,1,0,0,0],[0,0,0,-1,0,1,0,0],[1,0,0,0,0,0,1,0],[1,0,0,0,0,0,0,1],[0,0,0,1,0,0,-1,-1],[-1,0,0,0,0,0,-1,-1]]
U5= [[1,-1,-1,0,-1,-1,0,0],[0,1,0,0,0,0,0,0],[0,0,1,0,0,0,0,0],[0,0,0,-1,1,0,0,0],[0,0,0,-1,0,1,0,0],[1,0,0,0,0,0,1,0],[1,0,0,0,0,0,0,1],[0,0,0,1,0,0,-1,-1],[-1,0,0,0,0,0,0,0]]
U6= [[1,-1,-1,0,-1,-1,0,0],[0,1,0,0,0,0,0,0],[0,0,1,0,0,0,0,0],[0,0,0,-1,1,0,0,0],[0,0,0,-1,0,1,0,0],[1,0,0,0,0,0,1,0],[1,0,0,0,0,0,0,1],[0,0,0,1,0,0,-1,-1],[-1,0,0,0,0,1,-1,-1]]
U7= [[1,-1,-1,0,-1,-1,0,0],[0,1,0,0,0,0,0,0],[0,0,1,0,0,0,0,0],[0,0,0,-1,1,0,0,0],[0,0,0,-1,0,1,0,0],[1,0,0,0,0,0,1,0],[1,0,0,0,0,0,0,1],[0,0,0,1,0,0,-1,-1],[-1,0,0,1,0,0,-1,-1]]
U8= [[1,-1,-1,0,-1,-1,0,0],[0,1,0,0,0,0,0,0],[0,0,1,0,0,0,0,0],[0,0,0,-1,1,0,0,0],[0,0,0,-1,0,1,0,0],[1,0,0,0,0,0,1,0],[1,0,0,0,0,0,0,1],[0,0,0,1,0,0,-1,-1],[-1,0,1,-1,1,1,0,0]]
U9= [[1,-1,-1,0,-1,-1,0,0],[0,1,0,0,0,0,0,0],[0,0,1,0,0,0,0,0],[0,0,0,-1,1,0,0,0],[0,0,0,-1,0,1,0,0],[1,0,0,0,0,0,1,0],[1,0,0,0,0,0,0,1],[0,0,0,1,0,0,-1,-1],[-1,1,1,-1,1,1,0,0]]
U10= [[-1,-1,0,0,0,-1,-1,0],[1,0,0,0,0,0,0,0],[0,1,0,0,0,0,0,0],[0,0,1,0,-1,1,0,0],[0,0,1,0,-1,0,1,0],[0,0,1,1,0,0,0,0],[0,0,0,-1,1,0,0,0],[0,0,0,0,0,0,0,1],[1,1,1,0,0,1,1,0]]
U11= [[-1,-1,0,0,0,-1,-1,0],[1,0,0,0,0,0,0,0],[0,1,0,0,0,0,0,0],[0,0,1,0,-1,1,0,0],[0,0,1,0,-1,0,1,0],[0,0,1,1,0,0,0,0],[0,0,0,-1,1,0,0,0],[0,0,0,0,0,0,0,1],[-2,-1,-1,-1,0,-1,-1,-1]]
U12= [[-1,-1,0,0,0,-1,-1,0],[1,0,0,0,0,0,0,0],[0,1,0,0,0,0,0,0],[0,0,1,0,-1,1,0,0],[0,0,1,0,-1,0,1,0],[0,0,1,1,0,0,0,0],[0,0,0,-1,1,0,0,0],[0,0,0,0,0,0,0,1],[-2,-1,0,0,0,-1,-1,-1]]
U13= [[-1,-1,0,0,0,-1,-1,0],[1,0,0,0,0,0,0,0],[0,1,0,0,0,0,0,0],[0,0,1,0,-1,1,0,0],[0,0,1,0,-1,0,1,0],[0,0,1,1,0,0,0,0],[0,0,0,-1,1,0,0,0],[0,0,0,0,0,0,0,1],[-1,-1,-1,-1,0,-1,-1,-1]]
U14= [[-1,-1,0,0,0,-1,-1,0],[1,0,0,0,0,0,0,0],[0,1,0,0,0,0,0,0],[0,0,1,0,-1,1,0,0],[0,0,1,0,-1,0,1,0],[0,0,1,1,0,0,0,0],[0,0,0,-1,1,0,0,0],[0,0,0,0,0,0,0,1],[-1,-1,-1,-1,0,-1,0,-1]]
U15= [[-1,-1,0,0,0,-1,-1,0],[1,0,0,0,0,0,0,0],[0,1,0,0,0,0,0,0],[0,0,1,0,-1,1,0,0],[0,0,1,0,-1,0,1,0],[0,0,1,1,0,0,0,0],[0,0,0,-1,1,0,0,0],[0,0,0,0,0,0,0,1],[-1,-1,-1,-1,1,-1,-1,-1]]
U16= [[-1,-1,0,0,0,-1,-1,0],[1,0,0,0,0,0,0,0],[0,1,0,0,0,0,0,0],[0,0,1,0,-1,1,0,0],[0,0,1,0,-1,0,1,0],[0,0,1,1,0,0,0,0],[0,0,0,-1,1,0,0,0],[0,0,0,0,0,0,0,1],[-1,-1,-1,0,1,-1,-1,-1]]
U17= [[-1,-1,0,0,0,-1,-1,0],[1,0,0,0,0,0,0,0],[0,1,0,0,0,0,0,0],[0,0,1,0,-1,1,0,0],[0,0,1,0,-1,0,1,0],[0,0,1,1,0,0,0,0],[0,0,0,-1,1,0,0,0],[0,0,0,0,0,0,0,1],[-1,-1,0,-1,0,-1,0,-1]]
U18= [[-1,-1,0,0,0,-1,-1,0],[1,0,0,0,0,0,0,0],[0,1,0,0,0,0,0,0],[0,0,1,0,-1,1,0,0],[0,0,1,0,-1,0,1,0],[0,0,1,1,0,0,0,0],[0,0,0,-1,1,0,0,0],[0,0,0,0,0,0,0,1],[-1,-1,0,0,0,-1,-1,-1]]
U19= [[-1,-1,0,0,0,-1,-1,0],[1,0,0,0,0,0,0,0],[0,1,0,0,0,0,0,0],[0,0,1,0,-1,1,0,0],[0,0,1,0,-1,0,1,0],[0,0,1,1,0,0,0,0],[0,0,0,-1,1,0,0,0],[0,0,0,0,0,0,0,1],[-1,-1,0,0,0,-1,0,-1]]
U20= [[-1,-1,0,0,0,-1,-1,0],[1,0,0,0,0,0,0,0],[0,1,0,0,0,0,0,0],[0,0,1,0,-1,1,0,0],[0,0,1,0,-1,0,1,0],[0,0,1,1,0,0,0,0],[0,0,0,-1,1,0,0,0],[0,0,0,0,0,0,0,1],[-1,-1,0,0,0,-1,0,0]]
U21= [[-1,-1,0,0,0,-1,-1,0],[1,0,0,0,0,0,0,0],[0,1,0,0,0,0,0,0],[0,0,1,0,-1,1,0,0],[0,0,1,0,-1,0,1,0],[0,0,1,1,0,0,0,0],[0,0,0,-1,1,0,0,0],[0,0,0,0,0,0,0,1],[0,0,-1,-2,1,0,0,-1]]
U22= [[-1,-1,0,0,0,-1,-1,0],[1,0,0,0,0,0,0,0],[0,1,0,0,0,0,0,0],[0,0,1,0,-1,1,0,0],[0,0,1,0,-1,0,1,0],[0,0,1,1,0,0,0,0],[0,0,0,-1,1,0,0,0],[0,0,0,0,0,0,0,1],[0,0,-1,-1,0,0,0,-1]]
U23= [[-1,-1,0,0,0,-1,-1,0],[1,0,0,0,0,0,0,0],[0,1,0,0,0,0,0,0],[0,0,1,0,-1,1,0,0],[0,0,1,0,-1,0,1,0],[0,0,1,1,0,0,0,0],[0,0,0,-1,1,0,0,0],[0,0,0,0,0,0,0,1],[0,0,-1,-1,1,0,0,-1]]
U24= [[-1,-1,0,0,0,-1,-1,0],[1,0,0,0,0,0,0,0],[0,1,0,0,0,0,0,0],[0,0,1,0,-1,1,0,0],[0,0,1,0,-1,0,1,0],[0,0,1,1,0,0,0,0],[0,0,0,-1,1,0,0,0],[0,0,0,0,0,0,0,1],[0,0,-1,-1,1,0,0,0]]
U25= [[-1,-1,-1,-1,-1,0,0,0],[1,0,0,0,0,0,0,0],[0,1,0,0,0,0,0,0],[0,0,1,0,0,0,0,0],[0,0,0,-1,1,0,0,0],[0,0,0,0,0,1,0,0],[0,0,0,0,0,0,1,1],[0,0,0,1,0,-1,1,-1],[-2,-1,-1,-2,-1,1,-1,1]]
U26= [[-1,-1,-1,-1,-1,0,0,0],[1,0,0,0,0,0,0,0],[0,1,0,0,0,0,0,0],[0,0,1,0,0,0,0,0],[0,0,0,-1,1,0,0,0],[0,0,0,0,0,1,0,0],[0,0,0,0,0,0,1,1],[0,0,0,1,0,-1,1,-1],[-1,-1,-1,-2,-1,1,-1,1]]
U27= [[-1,-1,-1,-1,-1,0,0,0],[1,0,0,0,0,0,0,0],[0,1,0,0,0,0,0,0],[0,0,1,0,0,0,0,0],[0,0,0,-1,1,0,0,0],[0,0,0,0,0,1,0,0],[0,0,0,0,0,0,1,1],[0,0,0,1,0,-1,1,-1],[-1,-1,-1,-2,0,0,-1,0]]
U28= [[-1,-1,-1,-1,-1,0,0,0],[1,0,0,0,0,0,0,0],[0,1,0,0,0,0,0,0],[0,0,1,0,0,0,0,0],[0,0,0,-1,1,0,0,0],[0,0,0,0,0,1,0,0],[0,0,0,0,0,0,1,1],[0,0,0,1,0,-1,1,-1],[-1,-1,-1,-2,0,1,-1,1]]
U29= [[-1,-1,-1,-1,-1,0,0,0],[1,0,0,0,0,0,0,0],[0,1,0,0,0,0,0,0],[0,0,1,0,0,0,0,0],[0,0,0,-1,1,0,0,0],[0,0,0,0,0,1,0,0],[0,0,0,0,0,0,1,1],[0,0,0,1,0,-1,1,-1],[-1,-1,-1,-1,-1,0,-1,0]]
U30= [[-1,-1,-1,-1,-1,0,0,0],[1,0,0,0,0,0,0,0],[0,1,0,0,0,0,0,0],[0,0,1,0,0,0,0,0],[0,0,0,-1,1,0,0,0],[0,0,0,0,0,1,0,0],[0,0,0,0,0,0,1,1],[0,0,0,1,0,-1,1,-1],[-1,-1,-1,-1,0,0,0,0]]
U31= [[-1,-1,-1,-1,-1,0,0,0],[1,0,0,0,0,0,0,0],[0,1,0,0,0,0,0,0],[0,0,1,0,0,0,0,0],[0,0,0,-1,1,0,0,0],[0,0,0,0,0,1,0,0],[0,0,0,0,0,0,1,1],[0,0,0,1,0,-1,1,-1],[-1,-1,-1,0,-1,0,0,0]]
U32= [[-1,-1,-1,-1,-1,0,0,0],[1,0,0,0,0,0,0,0],[0,1,0,0,0,0,0,0],[0,0,1,0,0,0,0,0],[0,0,0,-1,1,0,0,0],[0,0,0,0,0,1,0,0],[0,0,0,0,0,0,1,1],[0,0,0,1,0,-1,1,-1],[0,0,0,-1,0,0,-1,0]]
U33= [[-1,-1,-1,0,0,0,-1,-1],[1,0,0,0,0,0,0,0],[0,1,0,0,0,0,0,0],[0,0,1,0,0,0,0,0],[0,0,0,1,0,-1,1,0],[0,0,0,1,0,-1,0,1],[0,0,0,1,1,0,0,0],[0,0,0,0,-1,1,0,0],[-2,-1,-1,-1,-1,0,-1,-1]]
U34= [[-1,-1,-1,0,0,0,-1,-1],[1,0,0,0,0,0,0,0],[0,1,0,0,0,0,0,0],[0,0,1,0,0,0,0,0],[0,0,0,1,0,-1,1,0],[0,0,0,1,0,-1,0,1],[0,0,0,1,1,0,0,0],[0,0,0,0,-1,1,0,0],[-1,-1,-1,-1,-1,0,-1,-1]]
U35= [[-1,-1,-1,0,0,0,-1,-1],[1,0,0,0,0,0,0,0],[0,1,0,0,0,0,0,0],[0,0,1,0,0,0,0,0],[0,0,0,1,0,-1,1,0],[0,0,0,1,0,-1,0,1],[0,0,0,1,1,0,0,0],[0,0,0,0,-1,1,0,0],[-1,-1,-1,-1,-1,1,-1,-1]]
U36= [[-1,-1,-1,0,0,0,-1,-1],[1,0,0,0,0,0,0,0],[0,1,0,0,0,0,0,0],[0,0,1,0,0,0,0,0],[0,0,0,1,0,-1,1,0],[0,0,0,1,0,-1,0,1],[0,0,0,1,1,0,0,0],[0,0,0,0,-1,1,0,0],[-1,-1,-1,0,-1,-1,0,0]]
U37= [[-1,-1,-1,0,0,0,-1,-1],[1,0,0,0,0,0,0,0],[0,1,0,0,0,0,0,0],[0,0,1,0,0,0,0,0],[0,0,0,1,0,-1,1,0],[0,0,0,1,0,-1,0,1],[0,0,0,1,1,0,0,0],[0,0,0,0,-1,1,0,0],[-1,-1,-1,0,-1,0,-1,0]]
U38= [[-1,-1,-1,0,0,0,-1,-1],[1,0,0,0,0,0,0,0],[0,1,0,0,0,0,0,0],[0,0,1,0,0,0,0,0],[0,0,0,1,0,-1,1,0],[0,0,0,1,0,-1,0,1],[0,0,0,1,1,0,0,0],[0,0,0,0,-1,1,0,0],[-1,-1,-1,0,0,0,-1,0]]
U39= [[-1,-1,-1,0,0,0,-1,-1],[1,0,0,0,0,0,0,0],[0,1,0,0,0,0,0,0],[0,0,1,0,0,0,0,0],[0,0,0,1,0,-1,1,0],[0,0,0,1,0,-1,0,1],[0,0,0,1,1,0,0,0],[0,0,0,0,-1,1,0,0],[-1,-1,-1,1,0,-1,0,0]]
U40= [[-1,-1,-1,0,0,0,-1,-1],[1,0,0,0,0,0,0,0],[0,1,0,0,0,0,0,0],[0,0,1,0,0,0,0,0],[0,0,0,1,0,-1,1,0],[0,0,0,1,0,-1,0,1],[0,0,0,1,1,0,0,0],[0,0,0,0,-1,1,0,0],[0,0,0,-1,-1,1,0,0]]
U41= [[2,-2,-1,-1,-1,-1,-1,-1],[0,0,1,0,0,0,0,0],[0,0,0,1,0,0,0,0],[0,0,0,0,1,0,0,0],[0,0,0,0,0,1,0,0],[0,0,0,0,0,0,1,0],[0,0,0,0,0,0,0,1],[1,1,0,0,0,0,0,0],[-3,1,1,1,1,1,1,2]]
U42= [[2,-2,-1,-1,-1,-1,-1,-1],[0,0,1,0,0,0,0,0],[0,0,0,1,0,0,0,0],[0,0,0,0,1,0,0,0],[0,0,0,0,0,1,0,0],[0,0,0,0,0,0,1,0],[0,0,0,0,0,0,0,1],[1,1,0,0,0,0,0,0],[-2,1,0,1,1,1,1,1]]
U43= [[2,-2,-1,-1,-1,-1,-1,-1],[0,0,1,0,0,0,0,0],[0,0,0,1,0,0,0,0],[0,0,0,0,1,0,0,0],[0,0,0,0,0,1,0,0],[0,0,0,0,0,0,1,0],[0,0,0,0,0,0,0,1],[1,1,0,0,0,0,0,0],[-2,1,1,1,1,1,1,1]]
U44= [[2,-2,-1,-1,-1,-1,-1,-1],[0,0,1,0,0,0,0,0],[0,0,0,1,0,0,0,0],[0,0,0,0,1,0,0,0],[0,0,0,0,0,1,0,0],[0,0,0,0,0,0,1,0],[0,0,0,0,0,0,0,1],[1,1,0,0,0,0,0,0],[-1,0,0,0,0,0,0,0]]
U45= [[2,-2,-1,-1,-1,-1,-1,-1],[0,0,1,0,0,0,0,0],[0,0,0,1,0,0,0,0],[0,0,0,0,1,0,0,0],[0,0,0,0,0,1,0,0],[0,0,0,0,0,0,1,0],[0,0,0,0,0,0,0,1],[1,1,0,0,0,0,0,0],[-1,1,0,0,0,1,1,1]]
U46= [[-1,-1,1,0,0,0,1,0],[1,0,0,0,0,0,0,0],[0,1,0,0,0,0,0,0],[0,0,0,-1,0,0,-1,0],[0,0,1,1,0,0,0,0],[0,0,0,0,1,0,0,0],[0,0,0,0,0,1,0,1],[0,0,1,0,-1,1,1,-1],[-1,-1,-1,-1,1,-1,0,1]]
U47= [[-1,-1,1,0,0,0,1,0],[1,0,0,0,0,0,0,0],[0,1,0,0,0,0,0,0],[0,0,0,-1,0,0,-1,0],[0,0,1,1,0,0,0,0],[0,0,0,0,1,0,0,0],[0,0,0,0,0,1,0,1],[0,0,1,0,-1,1,1,-1],[-1,-1,0,-1,0,0,0,0]]
U48= [[-1,-1,1,0,0,0,1,0],[1,0,0,0,0,0,0,0],[0,1,0,0,0,0,0,0],[0,0,0,-1,0,0,-1,0],[0,0,1,1,0,0,0,0],[0,0,0,0,1,0,0,0],[0,0,0,0,0,1,0,1],[0,0,1,0,-1,1,1,-1],[-1,-1,0,0,0,-1,0,0]]
U49= [[-1,-1,1,0,0,0,1,0],[1,0,0,0,0,0,0,0],[0,1,0,0,0,0,0,0],[0,0,0,-1,0,0,-1,0],[0,0,1,1,0,0,0,0],[0,0,0,0,1,0,0,0],[0,0,0,0,0,1,0,1],[0,0,1,0,-1,1,1,-1],[-1,-1,0,0,1,-1,0,1]]
U50= [[-1,3,-1,-1,-1,-1,-1,0],[1,0,0,0,0,0,0,0],[0,0,1,0,0,0,0,0],[0,0,0,1,0,0,0,0],[0,0,0,0,1,0,0,0],[0,0,0,0,0,1,0,0],[0,0,0,0,0,0,1,0],[0,0,0,0,0,0,0,1],[-1,2,-1,0,-1,0,-1,1]]
U51= [[-1,3,-1,-1,-1,-1,-1,0],[1,0,0,0,0,0,0,0],[0,0,1,0,0,0,0,0],[0,0,0,1,0,0,0,0],[0,0,0,0,1,0,0,0],[0,0,0,0,0,1,0,0],[0,0,0,0,0,0,1,0],[0,0,0,0,0,0,0,1],[-2,3,-2,-1,-1,-1,-1,-1]]
U52= [[-1,3,-1,-1,-1,-1,-1,0],[1,0,0,0,0,0,0,0],[0,0,1,0,0,0,0,0],[0,0,0,1,0,0,0,0],[0,0,0,0,1,0,0,0],[0,0,0,0,0,1,0,0],[0,0,0,0,0,0,1,0],[0,0,0,0,0,0,0,1],[-2,3,-2,-1,-1,-1,0,-1]]
U53= [[-1,3,-1,-1,-1,-1,-1,0],[1,0,0,0,0,0,0,0],[0,0,1,0,0,0,0,0],[0,0,0,1,0,0,0,0],[0,0,0,0,1,0,0,0],[0,0,0,0,0,1,0,0],[0,0,0,0,0,0,1,0],[0,0,0,0,0,0,0,1],[-2,3,-1,-1,-1,-1,-1,-1]]
U54= [[-1,3,-1,-1,-1,-1,-1,0],[1,0,0,0,0,0,0,0],[0,0,1,0,0,0,0,0],[0,0,0,1,0,0,0,0],[0,0,0,0,1,0,0,0],[0,0,0,0,0,1,0,0],[0,0,0,0,0,0,1,0],[0,0,0,0,0,0,0,1],[-2,3,-1,-1,-1,-1,-1,0]]
U55= [[-1,3,-1,-1,-1,-1,-1,0],[1,0,0,0,0,0,0,0],[0,0,1,0,0,0,0,0],[0,0,0,1,0,0,0,0],[0,0,0,0,1,0,0,0],[0,0,0,0,0,1,0,0],[0,0,0,0,0,0,1,0],[0,0,0,0,0,0,0,1],[-1,0,-1,0,0,0,0,-1]]
U56= [[-1,3,-1,-1,-1,-1,-1,0],[1,0,0,0,0,0,0,0],[0,0,1,0,0,0,0,0],[0,0,0,1,0,0,0,0],[0,0,0,0,1,0,0,0],[0,0,0,0,0,1,0,0],[0,0,0,0,0,0,1,0],[0,0,0,0,0,0,0,1],[-1,0,0,0,0,0,0,-1]]
U57= [[-1,3,-1,-1,-1,-1,-1,0],[1,0,0,0,0,0,0,0],[0,0,1,0,0,0,0,0],[0,0,0,1,0,0,0,0],[0,0,0,0,1,0,0,0],[0,0,0,0,0,1,0,0],[0,0,0,0,0,0,1,0],[0,0,0,0,0,0,0,1],[-1,1,-1,-1,-1,0,0,-1]]
U58= [[-1,3,-1,-1,-1,-1,-1,0],[1,0,0,0,0,0,0,0],[0,0,1,0,0,0,0,0],[0,0,0,1,0,0,0,0],[0,0,0,0,1,0,0,0],[0,0,0,0,0,1,0,0],[0,0,0,0,0,0,1,0],[0,0,0,0,0,0,0,1],[-1,1,-1,-1,0,0,0,0]]
U59= [[-1,3,-1,-1,-1,-1,-1,0],[1,0,0,0,0,0,0,0],[0,0,1,0,0,0,0,0],[0,0,0,1,0,0,0,0],[0,0,0,0,1,0,0,0],[0,0,0,0,0,1,0,0],[0,0,0,0,0,0,1,0],[0,0,0,0,0,0,0,1],[-1,1,-1,0,0,0,0,-1]]
U60= [[-1,3,-1,-1,-1,-1,-1,0],[1,0,0,0,0,0,0,0],[0,0,1,0,0,0,0,0],[0,0,0,1,0,0,0,0],[0,0,0,0,1,0,0,0],[0,0,0,0,0,1,0,0],[0,0,0,0,0,0,1,0],[0,0,0,0,0,0,0,1],[-1,1,-1,0,0,0,0,0]]
U61= [[-1,3,-1,-1,-1,-1,-1,0],[1,0,0,0,0,0,0,0],[0,0,1,0,0,0,0,0],[0,0,0,1,0,0,0,0],[0,0,0,0,1,0,0,0],[0,0,0,0,0,1,0,0],[0,0,0,0,0,0,1,0],[0,0,0,0,0,0,0,1],[-1,1,0,0,0,0,0,-1]]
U62= [[-1,3,-1,-1,-1,-1,-1,0],[1,0,0,0,0,0,0,0],[0,0,1,0,0,0,0,0],[0,0,0,1,0,0,0,0],[0,0,0,0,1,0,0,0],[0,0,0,0,0,1,0,0],[0,0,0,0,0,0,1,0],[0,0,0,0,0,0,0,1],[-1,1,0,0,0,0,0,0]]
U63= [[-1,3,-1,-1,-1,-1,-1,0],[1,0,0,0,0,0,0,0],[0,0,1,0,0,0,0,0],[0,0,0,1,0,0,0,0],[0,0,0,0,1,0,0,0],[0,0,0,0,0,1,0,0],[0,0,0,0,0,0,1,0],[0,0,0,0,0,0,0,1],[0,-1,0,0,0,0,0,-1]]
U64= [[-1,3,-1,-1,-1,-1,-1,0],[1,0,0,0,0,0,0,0],[0,0,1,0,0,0,0,0],[0,0,0,1,0,0,0,0],[0,0,0,0,1,0,0,0],[0,0,0,0,0,1,0,0],[0,0,0,0,0,0,1,0],[0,0,0,0,0,0,0,1],[0,-1,0,0,0,0,0,0]]
U65= [[-1,-1,3,-1,-1,-1,-1,-1],[1,0,0,0,0,0,0,0],[0,1,0,0,0,0,0,0],[0,0,0,1,0,0,0,0],[0,0,0,0,1,0,0,0],[0,0,0,0,0,1,0,0],[0,0,0,0,0,0,1,0],[0,0,0,0,0,0,0,1],[1,1,-1,0,1,0,1,0]]
U66= [[-1,-1,3,-1,-1,-1,-1,-1],[1,0,0,0,0,0,0,0],[0,1,0,0,0,0,0,0],[0,0,0,1,0,0,0,0],[0,0,0,0,1,0,0,0],[0,0,0,0,0,1,0,0],[0,0,0,0,0,0,1,0],[0,0,0,0,0,0,0,1],[-2,-1,3,-1,-1,-1,-1,-1]]
U67= [[-1,-1,3,-1,-1,-1,-1,-1],[1,0,0,0,0,0,0,0],[0,1,0,0,0,0,0,0],[0,0,0,1,0,0,0,0],[0,0,0,0,1,0,0,0],[0,0,0,0,0,1,0,0],[0,0,0,0,0,0,1,0],[0,0,0,0,0,0,0,1],[-1,-1,1,-1,0,0,0,0]]
U68= [[-1,-1,3,-1,-1,-1,-1,-1],[1,0,0,0,0,0,0,0],[0,1,0,0,0,0,0,0],[0,0,0,1,0,0,0,0],[0,0,0,0,1,0,0,0],[0,0,0,0,0,1,0,0],[0,0,0,0,0,0,1,0],[0,0,0,0,0,0,0,1],[-1,-1,1,0,0,0,0,0]]
U69= [[-1,-1,3,-1,-1,-1,-1,-1],[1,0,0,0,0,0,0,0],[0,1,0,0,0,0,0,0],[0,0,0,1,0,0,0,0],[0,0,0,0,1,0,0,0],[0,0,0,0,0,1,0,0],[0,0,0,0,0,0,1,0],[0,0,0,0,0,0,0,1],[-1,-1,2,-1,-1,-1,-1,-1]]
U70= [[-1,-1,3,-1,-1,-1,-1,-1],[1,0,0,0,0,0,0,0],[0,1,0,0,0,0,0,0],[0,0,0,1,0,0,0,0],[0,0,0,0,1,0,0,0],[0,0,0,0,0,1,0,0],[0,0,0,0,0,0,1,0],[0,0,0,0,0,0,0,1],[0,0,-1,0,0,0,0,0]]
U71= [[-1,-1,-1,1,-1,0,0,0],[1,0,0,0,0,0,0,0],[0,1,0,0,0,0,0,0],[0,0,1,0,0,0,0,0],[0,0,0,1,1,0,0,0],[0,0,0,0,0,1,0,0],[0,0,0,0,0,0,1,0],[0,0,0,0,0,0,0,1],[-2,-2,-2,1,-1,-1,-1,-1]]
U72= [[-1,-1,-1,1,-1,0,0,0],[1,0,0,0,0,0,0,0],[0,1,0,0,0,0,0,0],[0,0,1,0,0,0,0,0],[0,0,0,1,1,0,0,0],[0,0,0,0,0,1,0,0],[0,0,0,0,0,0,1,0],[0,0,0,0,0,0,0,1],[-2,-2,-1,1,-1,-1,-1,-1]]
U73= [[-1,-1,-1,1,-1,0,0,0],[1,0,0,0,0,0,0,0],[0,1,0,0,0,0,0,0],[0,0,1,0,0,0,0,0],[0,0,0,1,1,0,0,0],[0,0,0,0,0,1,0,0],[0,0,0,0,0,0,1,0],[0,0,0,0,0,0,0,1],[-2,-2,-1,1,-1,-1,-1,0]]
U74= [[-1,-1,-1,1,-1,0,0,0],[1,0,0,0,0,0,0,0],[0,1,0,0,0,0,0,0],[0,0,1,0,0,0,0,0],[0,0,0,1,1,0,0,0],[0,0,0,0,0,1,0,0],[0,0,0,0,0,0,1,0],[0,0,0,0,0,0,0,1],[-2,-1,-1,1,-1,-1,-1,-1]]
U75= [[-1,-1,-1,1,-1,0,0,0],[1,0,0,0,0,0,0,0],[0,1,0,0,0,0,0,0],[0,0,1,0,0,0,0,0],[0,0,0,1,1,0,0,0],[0,0,0,0,0,1,0,0],[0,0,0,0,0,0,1,0],[0,0,0,0,0,0,0,1],[-2,-1,-1,1,-1,-1,-1,0]]
U76= [[-1,-1,-1,1,-1,0,0,0],[1,0,0,0,0,0,0,0],[0,1,0,0,0,0,0,0],[0,0,1,0,0,0,0,0],[0,0,0,1,1,0,0,0],[0,0,0,0,0,1,0,0],[0,0,0,0,0,0,1,0],[0,0,0,0,0,0,0,1],[-2,-1,-1,1,-1,-1,0,0]]
U77= [[-1,-1,-1,1,-1,0,0,0],[1,0,0,0,0,0,0,0],[0,1,0,0,0,0,0,0],[0,0,1,0,0,0,0,0],[0,0,0,1,1,0,0,0],[0,0,0,0,0,1,0,0],[0,0,0,0,0,0,1,0],[0,0,0,0,0,0,0,1],[-1,-1,-1,0,-1,-1,-1,-1]]
U78= [[-1,-1,-1,1,-1,0,0,0],[1,0,0,0,0,0,0,0],[0,1,0,0,0,0,0,0],[0,0,1,0,0,0,0,0],[0,0,0,1,1,0,0,0],[0,0,0,0,0,1,0,0],[0,0,0,0,0,0,1,0],[0,0,0,0,0,0,0,1],[-1,-1,-1,0,-1,-1,-1,0]]
U79= [[-1,-1,-1,1,-1,0,0,0],[1,0,0,0,0,0,0,0],[0,1,0,0,0,0,0,0],[0,0,1,0,0,0,0,0],[0,0,0,1,1,0,0,0],[0,0,0,0,0,1,0,0],[0,0,0,0,0,0,1,0],[0,0,0,0,0,0,0,1],[-1,-1,-1,0,-1,-1,0,0]]
U80= [[-1,-1,-1,1,-1,0,0,0],[1,0,0,0,0,0,0,0],[0,1,0,0,0,0,0,0],[0,0,1,0,0,0,0,0],[0,0,0,1,1,0,0,0],[0,0,0,0,0,1,0,0],[0,0,0,0,0,0,1,0],[0,0,0,0,0,0,0,1],[-1,-1,-1,0,-1,0,0,0]]
U81= [[-1,-1,-1,1,-1,0,0,0],[1,0,0,0,0,0,0,0],[0,1,0,0,0,0,0,0],[0,0,1,0,0,0,0,0],[0,0,0,1,1,0,0,0],[0,0,0,0,0,1,0,0],[0,0,0,0,0,0,1,0],[0,0,0,0,0,0,0,1],[-1,-1,-1,1,-1,-1,-1,-1]]
U82= [[-1,-1,-1,1,-1,0,0,0],[1,0,0,0,0,0,0,0],[0,1,0,0,0,0,0,0],[0,0,1,0,0,0,0,0],[0,0,0,1,1,0,0,0],[0,0,0,0,0,1,0,0],[0,0,0,0,0,0,1,0],[0,0,0,0,0,0,0,1],[-1,-1,-1,1,-1,-1,-1,0]]
U83= [[-1,-1,-1,1,-1,0,0,0],[1,0,0,0,0,0,0,0],[0,1,0,0,0,0,0,0],[0,0,1,0,0,0,0,0],[0,0,0,1,1,0,0,0],[0,0,0,0,0,1,0,0],[0,0,0,0,0,0,1,0],[0,0,0,0,0,0,0,1],[-1,-1,-1,1,-1,-1,0,0]]
U84= [[-1,-1,-1,1,-1,0,0,0],[1,0,0,0,0,0,0,0],[0,1,0,0,0,0,0,0],[0,0,1,0,0,0,0,0],[0,0,0,1,1,0,0,0],[0,0,0,0,0,1,0,0],[0,0,0,0,0,0,1,0],[0,0,0,0,0,0,0,1],[0,0,0,0,0,-1,-1,-1]]
U85= [[-1,-1,-1,1,-1,0,0,0],[1,0,0,0,0,0,0,0],[0,1,0,0,0,0,0,0],[0,0,1,0,0,0,0,0],[0,0,0,1,1,0,0,0],[0,0,0,0,0,1,0,0],[0,0,0,0,0,0,1,0],[0,0,0,0,0,0,0,1],[0,0,0,0,0,-1,-1,0]]
U86= [[-1,-1,-1,-1,1,-1,0,0],[1,0,0,0,0,0,0,0],[0,1,0,0,0,0,0,0],[0,0,1,0,0,0,0,0],[0,0,0,1,0,0,0,0],[0,0,0,0,1,1,0,0],[0,0,0,0,0,0,1,0],[0,0,0,0,0,0,0,1],[1,0,0,1,0,1,1,0]]
U87= [[-1,-1,-1,-1,1,-1,0,0],[1,0,0,0,0,0,0,0],[0,1,0,0,0,0,0,0],[0,0,1,0,0,0,0,0],[0,0,0,1,0,0,0,0],[0,0,0,0,1,1,0,0],[0,0,0,0,0,0,1,0],[0,0,0,0,0,0,0,1],[-2,-2,-1,-1,1,-1,-1,-1]]
U88= [[-1,-1,-1,-1,1,-1,0,0],[1,0,0,0,0,0,0,0],[0,1,0,0,0,0,0,0],[0,0,1,0,0,0,0,0],[0,0,0,1,0,0,0,0],[0,0,0,0,1,1,0,0],[0,0,0,0,0,0,1,0],[0,0,0,0,0,0,0,1],[-2,-1,-1,-1,1,-1,-1,-1]]
U89= [[-1,-1,-1,-1,1,-1,0,0],[1,0,0,0,0,0,0,0],[0,1,0,0,0,0,0,0],[0,0,1,0,0,0,0,0],[0,0,0,1,0,0,0,0],[0,0,0,0,1,1,0,0],[0,0,0,0,0,0,1,0],[0,0,0,0,0,0,0,1],[-2,-1,-1,-1,1,-1,-1,0]]
U90= [[-1,-1,-1,-1,1,-1,0,0],[1,0,0,0,0,0,0,0],[0,1,0,0,0,0,0,0],[0,0,1,0,0,0,0,0],[0,0,0,1,0,0,0,0],[0,0,0,0,1,1,0,0],[0,0,0,0,0,0,1,0],[0,0,0,0,0,0,0,1],[-1,-1,-1,-1,0,-1,-1,-1]]
U91= [[-1,-1,-1,-1,1,-1,0,0],[1,0,0,0,0,0,0,0],[0,1,0,0,0,0,0,0],[0,0,1,0,0,0,0,0],[0,0,0,1,0,0,0,0],[0,0,0,0,1,1,0,0],[0,0,0,0,0,0,1,0],[0,0,0,0,0,0,0,1],[-1,-1,-1,-1,0,-1,0,0]]
U92= [[-1,-1,-1,-1,1,-1,0,0],[1,0,0,0,0,0,0,0],[0,1,0,0,0,0,0,0],[0,0,1,0,0,0,0,0],[0,0,0,1,0,0,0,0],[0,0,0,0,1,1,0,0],[0,0,0,0,0,0,1,0],[0,0,0,0,0,0,0,1],[-1,-1,-1,-1,1,-1,-1,-1]]
U93= [[-1,-1,-1,-1,1,-1,0,0],[1,0,0,0,0,0,0,0],[0,1,0,0,0,0,0,0],[0,0,1,0,0,0,0,0],[0,0,0,1,0,0,0,0],[0,0,0,0,1,1,0,0],[0,0,0,0,0,0,1,0],[0,0,0,0,0,0,0,1],[-1,-1,-1,-1,1,-1,-1,0]]
U94= [[-1,-1,-1,-1,1,-1,0,0],[1,0,0,0,0,0,0,0],[0,1,0,0,0,0,0,0],[0,0,1,0,0,0,0,0],[0,0,0,1,0,0,0,0],[0,0,0,0,1,1,0,0],[0,0,0,0,0,0,1,0],[0,0,0,0,0,0,0,1],[0,0,0,0,0,0,-1,-1]]
U95= [[-1,-1,-1,-1,-1,1,-1,0],[1,0,0,0,0,0,0,0],[0,1,0,0,0,0,0,0],[0,0,1,0,0,0,0,0],[0,0,0,1,0,0,0,0],[0,0,0,0,1,0,0,0],[0,0,0,0,0,1,1,0],[0,0,0,0,0,0,0,1],[1,0,0,0,0,-1,0,0]]
U96= [[-1,-1,-1,-1,-1,1,-1,0],[1,0,0,0,0,0,0,0],[0,1,0,0,0,0,0,0],[0,0,1,0,0,0,0,0],[0,0,0,1,0,0,0,0],[0,0,0,0,1,0,0,0],[0,0,0,0,0,1,1,0],[0,0,0,0,0,0,0,1],[-2,-1,-1,-1,-1,1,-1,-1]]
U97= [[-1,-1,-1,-1,-1,1,-1,0],[1,0,0,0,0,0,0,0],[0,1,0,0,0,0,0,0],[0,0,1,0,0,0,0,0],[0,0,0,1,0,0,0,0],[0,0,0,0,1,0,0,0],[0,0,0,0,0,1,1,0],[0,0,0,0,0,0,0,1],[-1,-1,-1,-1,-1,0,-1,-1]]
U98= [[-1,-1,-1,-1,-1,1,-1,0],[1,0,0,0,0,0,0,0],[0,1,0,0,0,0,0,0],[0,0,1,0,0,0,0,0],[0,0,0,1,0,0,0,0],[0,0,0,0,1,0,0,0],[0,0,0,0,0,1,1,0],[0,0,0,0,0,0,0,1],[-1,-1,-1,-1,-1,1,-1,-1]]
U99= [[-1,-1,-1,-1,-1,-1,1,-1],[1,0,0,0,0,0,0,0],[0,1,0,0,0,0,0,0],[0,0,1,0,0,0,0,0],[0,0,0,1,0,0,0,0],[0,0,0,0,1,0,0,0],[0,0,0,0,0,1,0,0],[0,0,0,0,0,0,1,1],[1,1,0,1,0,1,-1,0]]
U100= [[1,0,0,0,0,0,0,0],[0,1,0,0,0,0,0,0],[0,0,1,0,0,0,0,0],[0,0,0,1,0,0,0,0],[0,0,0,0,1,0,0,0],[0,0,0,0,0,1,0,0],[0,0,0,0,0,0,1,0],[0,0,0,0,0,0,0,1],[-1,-1,1,-1,1,-1,1,-1]]
U101= [[1,0,0,0,0,0,0,0],[0,1,0,0,0,0,0,0],[0,0,1,0,0,0,0,0],[0,0,0,1,0,0,0,0],[0,0,0,0,1,0,0,0],[0,0,0,0,0,1,0,0],[0,0,0,0,0,0,1,0],[0,0,0,0,0,0,0,1],[-1,-1,-1,-1,-1,-1,-1,0]]
U102= [[1,0,0,0,0,0,0,0],[0,1,0,0,0,0,0,0],[0,0,1,0,0,0,0,0],[0,0,0,1,0,0,0,0],[0,0,0,0,1,0,0,0],[0,0,0,0,0,1,0,0],[0,0,0,0,0,0,1,0],[0,0,0,0,0,0,0,1],[-1,-1,-1,-1,-1,-1,0,0]]
U103= [[1,0,0,0,0,0,0,0],[0,1,0,0,0,0,0,0],[0,0,1,0,0,0,0,0],[0,0,0,1,0,0,0,0],[0,0,0,0,1,0,0,0],[0,0,0,0,0,1,0,0],[0,0,0,0,0,0,1,0],[0,0,0,0,0,0,0,1],[-1,-1,-1,-1,-1,0,0,0]]
U104= [[1,0,0,0,0,0,0,0],[0,1,0,0,0,0,0,0],[0,0,1,0,0,0,0,0],[0,0,0,1,0,0,0,0],[0,0,0,0,1,0,0,0],[0,0,0,0,0,1,0,0],[0,0,0,0,0,0,1,0],[0,0,0,0,0,0,0,1],[-1,-1,-1,-1,0,0,0,0]]
U105= [[1,0,0,0,0,0,0,0],[0,1,0,0,0,0,0,0],[0,0,1,0,0,0,0,0],[0,0,0,1,0,0,0,0],[0,0,0,0,1,0,0,0],[0,0,0,0,0,1,0,0],[0,0,0,0,0,0,1,0],[0,0,0,0,0,0,0,1],[-1,-1,-1,0,0,0,0,0]]
U106= [[1,0,0,0,0,0,0,0],[0,1,0,0,0,0,0,0],[0,0,1,0,0,0,0,0],[0,0,0,1,0,0,0,0],[0,0,0,0,1,0,0,0],[0,0,0,0,0,1,0,0],[0,0,0,0,0,0,1,0],[0,0,0,0,0,0,0,1],[-1,-1,0,0,0,0,0,0]]
ListSHV_n8_rank9 = [U1,U2,U3,U4,U5,U6,U7,U8,U9,U10,U11,U12,U13,U14,U15,U16,U17,U18,U19,U20,U21,U22,U23,U24,U25,U26,U27,U28,U29,U30,U31,U32,U33,U34,U35,U36,U37,U38,U39,U40,U41,U42,U43,U44,U45,U46,U47,U48,U49,U50,U51,U52,U53,U54,U55,U56,U57,U58,U59,U60,U61,U62,U63,U64,U65,U66,U67,U68,U69,U70,U71,U72,U73,U74,U75,U76,U77,U78,U79,U80,U81,U82,U83,U84,U85,U86,U87,U88,U89,U90,U91,U92,U93,U94,U95,U96,U97,U98,U99,U100,U101,U102,U103,U104,U105,U106]