U1= [[1,0,0,0,0,0,0,0,0,0],[0,1,0,0,0,0,0,0,0,0],[0,0,1,0,0,0,0,0,0,0],[0,0,0,1,0,0,0,0,0,0],[0,0,0,0,1,0,0,0,0,0],[0,0,0,0,0,1,0,0,0,0],[0,0,0,0,0,0,1,0,0,0],[0,0,0,0,0,0,0,1,0,0],[0,0,0,0,0,0,0,0,1,0],[0,0,0,0,0,0,0,0,0,1]]
U2= [[1,0,0,0,0,0,0,0,0,0],[0,1,0,0,-1,0,0,0,0,0],[0,0,1,0,0,0,0,0,0,0],[0,0,0,1,0,0,0,0,0,0],[1,1,1,-1,1,0,0,0,0,0],[0,0,0,0,0,1,0,0,0,0],[0,0,0,0,0,0,1,0,0,0],[0,0,0,0,0,0,0,1,0,0],[0,0,0,0,0,0,0,0,1,0],[0,0,0,0,0,0,0,0,0,1]]
U3= [[1,0,0,0,0,0,0,0,0,0],[0,0,1,1,0,0,0,0,0,0],[0,0,0,0,1,0,0,0,0,0],[1,1,-1,1,1,-1,0,0,0,0],[0,0,0,0,0,1,0,0,0,0],[0,1,0,0,0,0,0,0,0,0],[0,0,0,0,0,0,1,0,0,0],[0,0,0,0,0,0,0,1,0,0],[0,0,0,0,0,0,0,0,1,0],[0,0,0,0,0,0,0,0,0,1]]
U4= [[-1,-1,-1,-1,0,-1,-1,0,0,0],[-1,0,0,0,1,0,0,0,0,0],[0,-1,0,0,0,0,0,0,0,0],[0,0,-1,0,1,0,0,0,0,0],[0,0,0,-1,0,0,0,0,0,0],[0,0,0,0,0,-1,0,0,0,0],[0,0,0,0,0,0,1,0,0,0],[0,0,0,0,0,0,0,1,0,0],[0,0,0,0,0,0,0,0,1,0],[0,0,0,0,0,0,0,0,0,1]]
U5= [[-1,-1,-1,-1,-1,-1,-1,1,0,0],[1,0,0,0,0,0,0,0,0,0],[0,1,0,0,-1,0,0,0,0,0],[0,0,1,0,0,0,0,0,0,0],[0,0,0,1,0,0,0,0,0,0],[0,0,0,0,0,1,0,0,0,0],[0,0,0,0,0,0,1,0,0,0],[0,0,0,0,0,0,0,1,0,0],[0,0,0,0,0,0,0,0,1,0],[0,0,0,0,0,0,0,0,0,1]]
U6= [[-1,-1,-1,-1,-1,-1,-1,-1,1,0],[1,0,0,0,0,0,0,0,0,0],[0,1,0,0,-1,0,0,0,0,0],[0,0,1,0,0,0,0,0,0,0],[0,0,0,1,0,0,0,0,0,0],[0,0,0,0,0,1,0,0,0,0],[0,0,0,0,0,0,1,0,0,0],[0,0,0,0,0,0,0,1,0,0],[0,0,0,0,0,0,0,0,1,0],[0,0,0,0,0,0,0,0,0,1]]
U7= [[-1,-1,-1,-1,-1,-1,-1,-1,-1,1],[1,0,0,0,0,0,0,0,0,0],[0,1,0,0,-1,0,0,0,0,0],[0,0,1,0,0,0,0,0,0,0],[0,0,0,1,0,0,0,0,0,0],[0,0,0,0,0,1,0,0,0,0],[0,0,0,0,0,0,1,0,0,0],[0,0,0,0,0,0,0,1,0,0],[0,0,0,0,0,0,0,0,1,0],[0,0,0,0,0,0,0,0,0,1]]
U8= [[0,0,0,0,1,0,0,0,0,0],[0,0,0,0,0,0,-1,0,0,0],[0,0,0,1,0,-1,0,0,0,0],[0,0,1,0,0,-1,0,0,0,0],[0,1,0,0,0,0,0,0,0,0],[1,0,0,0,-1,-1,0,0,0,0],[-1,-1,-1,-1,0,0,1,0,0,0],[0,0,0,0,0,0,0,1,0,0],[0,0,0,0,0,0,0,0,1,0],[0,0,0,0,0,0,0,0,0,1]]
U9= [[-1,-1,-1,-1,-1,0,-1,-1,0,0],[1,0,0,0,0,1,0,0,0,0],[0,1,0,0,0,0,0,0,0,0],[0,0,1,0,0,1,0,0,0,0],[0,0,0,1,0,1,0,0,0,0],[0,0,0,0,1,0,0,0,0,0],[0,0,0,0,0,0,1,0,0,0],[0,0,0,0,0,0,0,1,0,0],[0,0,0,0,0,0,0,0,1,0],[0,0,0,0,0,0,0,0,0,1]]
U10= [[-1,-1,-1,-1,-1,1,-1,-1,-1,0],[1,0,0,0,0,0,0,0,0,0],[0,1,0,0,0,0,0,0,0,0],[0,0,1,0,0,1,0,0,0,0],[0,0,0,1,0,1,0,0,0,0],[0,0,0,0,1,0,0,0,0,0],[0,0,0,0,0,0,1,0,0,0],[0,0,0,0,0,0,0,1,0,0],[0,0,0,0,0,0,0,0,1,0],[0,0,0,0,0,0,0,0,0,1]]
U11= [[-1,-1,-1,-1,-1,1,-1,-1,-1,-1],[1,0,0,0,0,0,0,0,0,0],[0,1,0,0,0,1,0,0,0,0],[0,0,1,0,0,0,0,0,0,0],[0,0,0,1,0,1,0,0,0,0],[0,0,0,0,1,0,0,0,0,0],[0,0,0,0,0,0,1,0,0,0],[0,0,0,0,0,0,0,1,0,0],[0,0,0,0,0,0,0,0,1,0],[0,0,0,0,0,0,0,0,0,1]]
U12= [[0,-1,0,0,0,0,0,0,0,0],[1,0,0,0,0,0,0,0,0,0],[0,0,1,0,0,0,0,-1,-1,1],[0,0,0,1,0,0,0,0,0,0],[1,-1,1,1,0,0,0,1,1,-1],[0,0,0,0,0,0,0,1,0,0],[0,0,0,0,0,0,0,0,1,1],[0,0,0,0,1,0,0,0,0,0],[0,0,0,0,0,1,0,0,0,0],[0,0,0,0,0,0,1,0,0,0]]
U13= [[1,0,0,0,0,0,0,0,0,0],[-1,0,0,0,-1,-1,-1,0,0,1],[0,1,1,0,1,1,1,0,0,-1],[0,1,0,1,0,0,0,0,0,0],[0,0,1,1,0,0,0,0,0,0],[0,0,0,0,1,0,0,0,0,1],[0,0,0,0,0,1,0,0,0,0],[0,0,0,0,0,0,1,0,0,0],[0,0,0,0,0,0,0,1,0,0],[0,0,0,0,0,0,0,0,1,0]]
U14= [[0,-1,0,0,0,0,0,0,0,0],[1,0,0,0,0,0,0,0,0,0],[0,0,1,0,-1,-1,-1,0,0,1],[0,0,0,1,0,0,0,0,0,0],[1,-1,1,1,1,1,1,0,0,-1],[0,0,0,0,1,0,0,0,0,0],[0,0,0,0,0,1,0,0,0,1],[0,0,0,0,0,0,1,0,0,0],[0,0,0,0,0,0,0,1,0,0],[0,0,0,0,0,0,0,0,1,0]]
U15= [[0,0,0,0,-1,-1,-1,-1,0,1],[1,0,0,0,0,0,0,0,0,0],[0,1,1,0,0,0,0,0,0,0],[0,1,0,1,0,0,0,0,0,0],[1,0,1,1,-1,-1,-1,-1,0,1],[0,0,0,0,1,0,0,0,0,0],[0,0,0,0,0,1,0,0,0,1],[0,0,0,0,0,0,1,0,0,0],[0,0,0,0,0,0,0,1,0,0],[0,0,0,0,0,0,0,0,1,0]]
U16= [[1,0,0,0,0,0,0,0,0,0],[-1,0,0,0,-1,-1,-1,1,-1,0],[0,1,1,0,1,1,1,-1,1,0],[0,1,0,1,0,0,0,0,0,0],[0,0,1,1,0,0,0,0,0,0],[0,0,0,0,1,0,0,1,0,0],[0,0,0,0,0,1,0,0,0,0],[0,0,0,0,0,0,1,0,0,0],[0,0,0,0,0,0,0,0,1,0],[0,0,0,0,0,0,0,0,0,1]]
U17= [[0,-1,0,0,0,0,0,0,0,0],[1,0,0,0,0,0,0,0,0,0],[0,0,1,0,-1,-1,-1,-1,0,1],[0,0,0,1,0,0,0,0,0,0],[1,-1,1,1,1,1,1,1,0,-1],[0,0,0,0,1,0,0,0,0,0],[0,0,0,0,0,1,0,0,0,1],[0,0,0,0,0,0,1,0,0,0],[0,0,0,0,0,0,0,1,0,0],[0,0,0,0,0,0,0,0,1,0]]
U18= [[0,0,0,0,-1,0,0,0,0,0],[1,0,0,0,0,0,0,0,0,0],[0,1,1,0,0,0,0,0,0,0],[0,1,0,1,0,0,0,0,0,0],[1,0,1,1,-1,0,0,0,0,0],[0,0,0,0,0,-1,-1,-1,-1,1],[0,0,0,0,0,1,0,0,0,0],[0,0,0,0,0,0,1,0,0,1],[0,0,0,0,0,0,0,1,0,0],[0,0,0,0,0,0,0,0,1,0]]
U19= [[0,0,0,0,-1,-1,-1,-1,1,-1],[1,0,0,0,0,0,0,0,0,0],[0,1,1,0,0,0,0,0,0,0],[0,1,0,1,0,0,0,0,0,0],[1,0,1,1,-1,-1,-1,-1,1,-1],[0,0,0,0,1,0,0,0,0,0],[0,0,0,0,0,1,0,0,1,0],[0,0,0,0,0,0,1,0,0,0],[0,0,0,0,0,0,0,1,0,0],[0,0,0,0,0,0,0,0,0,1]]
U20= [[1,0,0,0,0,0,0,0,0,0],[-1,0,0,0,-1,-1,-1,1,-1,-1],[0,1,1,0,1,1,1,-1,1,1],[0,1,0,1,0,0,0,0,0,0],[0,0,1,1,0,0,0,0,0,0],[0,0,0,0,1,0,0,1,0,0],[0,0,0,0,0,1,0,0,0,0],[0,0,0,0,0,0,1,0,0,0],[0,0,0,0,0,0,0,0,1,0],[0,0,0,0,0,0,0,0,0,1]]
U21= [[0,-1,0,0,0,0,0,0,0,0],[1,0,0,0,0,0,0,0,0,0],[0,0,1,0,-1,-1,-1,-1,1,-1],[0,0,0,1,0,0,0,0,0,0],[1,-1,1,1,1,1,1,1,-1,1],[0,0,0,0,1,0,0,0,0,0],[0,0,0,0,0,1,0,0,1,0],[0,0,0,0,0,0,1,0,0,0],[0,0,0,0,0,0,0,1,0,0],[0,0,0,0,0,0,0,0,0,1]]
U22= [[1,0,0,0,0,0,0,0,0,0],[0,1,1,0,0,0,0,0,0,0],[0,0,0,1,0,0,0,0,0,0],[1,0,1,1,0,0,0,-1,-1,1],[0,0,0,0,1,0,0,0,0,0],[0,1,0,0,1,0,0,-1,-1,1],[0,0,0,0,0,0,0,1,0,0],[0,0,0,0,0,0,0,0,1,1],[0,0,0,0,0,1,0,0,0,0],[0,0,0,0,0,0,1,0,0,0]]
U23= [[1,0,0,0,0,0,0,0,0,0],[0,1,1,0,0,0,0,0,0,0],[0,0,0,1,0,0,0,0,0,0],[1,0,1,1,0,-1,-1,-1,0,1],[0,0,0,0,1,0,0,0,0,0],[0,1,0,0,1,-1,-1,-1,0,1],[0,0,0,0,0,1,0,0,0,0],[0,0,0,0,0,0,1,0,0,1],[0,0,0,0,0,0,0,1,0,0],[0,0,0,0,0,0,0,0,1,0]]
U24= [[1,0,0,0,0,0,0,0,0,0],[0,1,1,0,0,0,0,0,0,0],[0,0,0,1,0,0,0,0,0,0],[0,-1,1,1,0,-1,-1,0,-1,0],[0,0,0,0,1,0,0,-1,0,0],[-1,0,0,0,1,-1,-1,1,-1,0],[0,0,0,0,0,1,0,0,0,0],[0,0,0,0,0,0,1,0,0,0],[0,0,0,0,0,0,0,0,1,0],[0,0,0,0,0,0,0,0,0,1]]
U25= [[1,0,0,0,0,0,0,0,0,0],[0,1,1,0,0,0,0,0,0,0],[0,0,0,1,0,0,0,0,0,0],[1,0,1,1,0,-1,-1,-1,1,-1],[0,0,0,0,1,0,0,0,0,0],[0,1,0,0,1,-1,-1,-1,1,-1],[0,0,0,0,0,1,0,0,0,0],[0,0,0,0,0,0,1,0,1,0],[0,0,0,0,0,0,0,1,0,0],[0,0,0,0,0,0,0,0,0,1]]
U26= [[1,0,0,0,0,0,0,0,0,0],[0,1,1,0,0,0,0,0,0,0],[0,0,0,1,0,0,0,0,0,0],[1,-1,1,1,0,-1,-1,-1,1,-1],[0,0,0,0,1,0,0,0,0,0],[0,0,0,0,1,-1,-1,-1,1,-1],[0,0,0,0,0,1,0,0,1,0],[0,0,0,0,0,0,1,0,0,0],[0,0,0,0,0,0,0,1,0,0],[0,0,0,0,0,0,0,0,0,1]]
U27= [[1,0,0,0,0,0,0,0,0,0],[0,1,1,0,0,0,0,0,0,0],[0,0,0,1,0,0,0,0,0,0],[0,-1,1,1,0,-1,-1,0,-1,-1],[0,0,0,0,1,0,0,-1,0,0],[-1,0,0,0,1,-1,-1,1,-1,-1],[0,0,0,0,0,1,0,0,0,0],[0,0,0,0,0,0,1,0,0,0],[0,0,0,0,0,0,0,0,1,0],[0,0,0,0,0,0,0,0,0,1]]
U28= [[-1,-1,-1,-1,-1,0,0,0,0,0],[0,0,0,0,0,1,0,0,0,0],[-1,0,0,0,0,1,0,0,-1,1],[0,-1,0,0,0,0,0,0,-1,1],[0,0,-1,0,0,0,0,0,0,0],[0,0,0,-1,0,0,0,0,0,0],[0,0,0,0,1,0,0,0,0,0],[0,0,0,0,0,0,0,0,1,1],[0,0,0,0,0,0,1,0,0,0],[0,0,0,0,0,0,0,1,0,0]]
U29= [[-1,-1,-1,-1,-1,0,0,0,0,0],[0,0,0,0,0,1,0,0,0,0],[-1,0,0,0,0,1,0,-1,-1,1],[0,-1,0,0,0,0,0,-1,-1,1],[0,0,-1,0,0,0,0,0,0,0],[0,0,0,-1,0,0,0,0,0,0],[0,0,0,0,1,0,0,0,0,0],[0,0,0,0,0,0,0,1,0,0],[0,0,0,0,0,0,0,0,1,1],[0,0,0,0,0,0,1,0,0,0]]
U30= [[-1,-1,-1,-1,-1,0,0,0,0,0],[0,0,0,0,0,1,0,0,0,0],[-1,0,0,0,0,1,-1,-1,-1,1],[0,-1,0,0,0,0,-1,-1,-1,1],[0,0,-1,0,0,0,0,0,0,0],[0,0,0,-1,0,0,0,0,0,0],[0,0,0,0,1,0,0,0,0,0],[0,0,0,0,0,0,1,0,0,0],[0,0,0,0,0,0,0,1,0,1],[0,0,0,0,0,0,0,0,1,0]]
U31= [[-1,-1,-1,-1,-1,1,-1,0,-1,1],[0,0,0,0,0,-1,0,0,0,0],[1,0,0,0,0,0,0,0,0,0],[0,1,0,0,0,0,0,0,-1,1],[0,0,1,0,0,0,0,0,0,0],[0,0,0,1,0,0,0,0,0,0],[0,0,0,0,1,0,0,0,0,0],[0,0,0,0,0,0,1,0,0,0],[0,0,0,0,0,0,0,0,1,1],[0,0,0,0,0,0,0,1,0,0]]
U32= [[-1,-1,-1,-1,-1,1,-1,-1,-1,1],[0,0,0,0,0,-1,0,0,0,0],[1,0,0,0,0,0,0,0,0,0],[0,1,0,0,0,0,0,-1,-1,1],[0,0,1,0,0,0,0,0,0,0],[0,0,0,1,0,0,0,0,0,0],[0,0,0,0,1,0,0,0,0,0],[0,0,0,0,0,0,1,0,0,0],[0,0,0,0,0,0,0,1,0,1],[0,0,0,0,0,0,0,0,1,0]]
U33= [[-1,-1,-1,-1,-1,-1,1,-1,0,1],[0,0,0,0,0,0,-1,0,0,1],[1,0,0,0,0,0,0,0,0,0],[0,1,0,0,0,0,0,0,0,1],[0,0,1,0,0,0,0,0,0,0],[0,0,0,1,0,0,0,0,0,1],[0,0,0,0,1,0,0,0,0,0],[0,0,0,0,0,1,0,0,0,0],[0,0,0,0,0,0,0,1,0,0],[0,0,0,0,0,0,0,0,1,0]]
U34= [[-1,-1,-1,-1,-1,-1,1,-1,-1,1],[0,0,0,0,0,0,-1,0,0,0],[1,0,0,0,0,0,0,0,0,0],[0,1,0,0,0,0,0,0,-1,1],[0,0,1,0,0,0,0,0,0,0],[0,0,0,1,0,0,0,0,0,0],[0,0,0,0,1,0,0,0,0,0],[0,0,0,0,0,1,0,0,0,0],[0,0,0,0,0,0,0,1,0,0],[0,0,0,0,0,0,0,0,1,1]]
U35= [[-1,-1,-1,-1,-1,-1,-1,1,-1,1],[0,0,0,0,0,0,0,-1,0,0],[1,0,0,0,0,0,0,0,0,0],[0,1,0,0,0,0,0,0,0,1],[0,0,1,0,0,0,0,0,0,0],[0,0,0,1,0,0,0,0,0,1],[0,0,0,0,1,0,0,0,0,0],[0,0,0,0,0,1,0,0,0,1],[0,0,0,0,0,0,1,0,0,0],[0,0,0,0,0,0,0,0,1,0]]
U36= [[-1,-1,-1,-1,1,-1,0,0,0,0],[1,0,0,0,0,0,0,0,0,0],[0,1,0,0,0,-1,0,0,0,0],[0,0,1,0,0,0,0,0,0,0],[0,0,0,1,0,0,0,0,0,0],[0,0,0,0,1,0,1,0,0,0],[0,0,0,0,1,0,0,1,0,0],[0,0,0,0,0,1,-1,-1,0,0],[0,0,0,0,0,0,0,0,1,0],[0,0,0,0,0,0,0,0,0,1]]
U37= [[-1,-1,-1,-1,1,-1,-1,-1,-1,0],[1,0,0,0,0,0,0,0,0,0],[0,1,0,0,0,-1,-1,0,0,0],[0,0,1,0,0,0,0,0,0,0],[0,0,0,1,0,0,0,0,0,0],[0,0,0,0,0,0,0,1,0,0],[0,0,0,0,0,0,0,0,1,0],[0,0,0,0,1,1,0,0,0,0],[0,0,0,0,1,0,1,0,0,0],[0,0,0,0,0,0,0,0,0,1]]
U38= [[-1,-1,-1,-1,-1,1,-1,-1,-1,0],[1,0,0,0,0,0,0,0,0,0],[0,1,0,0,0,0,-1,-1,-1,0],[0,0,1,0,0,0,0,0,0,0],[0,0,0,1,0,0,0,0,0,0],[0,0,0,0,1,0,0,0,0,0],[0,0,0,0,0,1,0,1,0,0],[0,0,0,0,0,1,0,0,1,0],[0,0,0,0,0,0,1,0,0,0],[0,0,0,0,0,0,0,0,0,1]]
U39= [[-1,-1,-1,-1,-1,-1,-1,1,-1,0],[1,0,0,0,0,0,0,0,0,0],[0,1,0,0,-1,-1,-1,0,-1,0],[0,0,1,0,0,0,0,0,0,0],[0,0,0,1,0,0,0,0,0,0],[0,0,0,0,0,1,0,0,0,0],[0,0,0,0,0,0,1,0,0,0],[0,0,0,0,0,0,0,1,1,0],[0,0,0,0,1,0,0,1,0,0],[0,0,0,0,0,0,0,0,0,1]]
U40= [[-1,-1,-1,-1,-1,-1,-1,0,-1,0],[1,0,0,0,0,0,0,-1,0,1],[0,1,0,0,0,0,0,-1,0,0],[0,0,1,0,0,0,0,0,0,1],[0,0,0,1,0,0,0,0,0,1],[0,0,0,0,1,0,0,0,0,0],[0,0,0,0,0,1,0,0,0,0],[0,0,0,0,0,0,1,0,0,0],[0,0,0,0,0,0,0,0,1,0],[0,0,0,0,0,0,0,1,0,1]]
U41= [[-1,-1,-1,-1,1,-1,-1,-1,-1,-1],[1,0,0,0,0,0,0,0,0,0],[0,1,0,0,0,-1,-1,0,0,0],[0,0,1,0,0,0,0,0,0,0],[0,0,0,1,0,0,0,0,0,0],[0,0,0,0,0,0,0,1,0,0],[0,0,0,0,0,0,0,0,1,0],[0,0,0,0,0,0,0,0,0,1],[0,0,0,0,1,1,0,0,0,0],[0,0,0,0,1,0,1,0,0,0]]
U42= [[-1,-1,-1,-1,-1,-1,-1,-1,1,-1],[1,0,0,0,0,0,0,0,0,0],[0,1,0,0,0,0,-1,-1,0,-1],[0,0,1,0,0,0,0,0,0,0],[0,0,0,1,0,0,0,0,0,0],[0,0,0,0,1,0,0,0,0,0],[0,0,0,0,0,1,0,0,0,0],[0,0,0,0,0,0,0,1,0,0],[0,0,0,0,0,0,0,0,1,1],[0,0,0,0,0,0,1,0,1,0]]
U43= [[-1,-1,-1,-1,-1,-1,-1,-1,1,-1],[1,0,0,0,0,0,0,0,0,0],[0,1,0,0,0,-1,-1,-1,0,-1],[0,0,1,0,0,0,0,0,0,0],[0,0,0,1,0,0,0,0,0,0],[0,0,0,0,1,0,0,0,0,0],[0,0,0,0,0,0,1,0,0,0],[0,0,0,0,0,0,0,1,0,0],[0,0,0,0,0,0,0,0,1,1],[0,0,0,0,0,1,0,0,1,0]]
U44= [[0,0,0,1,0,0,0,0,0,0],[-1,-1,-1,-1,-1,-1,-1,1,-1,-1],[1,0,0,0,0,0,0,0,0,0],[0,1,0,0,-1,-1,-1,0,-1,-1],[0,0,1,0,0,0,0,0,0,0],[0,0,0,0,0,1,0,0,0,0],[0,0,0,0,0,0,1,1,0,0],[0,0,0,0,0,0,0,0,1,0],[0,0,0,0,0,0,0,0,0,1],[0,0,0,0,1,0,0,1,0,0]]
U45= [[0,0,0,0,0,0,-1,0,0,0],[0,0,0,-1,0,0,0,0,0,0],[0,0,1,0,0,-1,0,0,0,0],[0,1,0,0,0,0,-1,0,0,0],[1,0,0,0,0,-1,0,0,0,0],[-1,-1,-1,1,0,0,-1,1,1,-1],[0,0,0,0,0,-1,0,-1,-1,1],[0,0,0,0,0,0,0,1,0,0],[0,0,0,0,0,0,0,0,1,1],[0,0,0,0,1,0,0,0,0,0]]
U46= [[0,0,0,0,0,0,0,1,0,0],[0,0,0,0,-1,0,0,0,1,0],[0,0,0,1,1,1,1,0,0,0],[0,0,0,-1,0,0,0,0,1,1],[0,0,1,0,0,0,0,0,0,0],[0,-1,-1,0,0,-1,-1,0,0,-1],[0,1,0,0,0,0,0,-1,1,0],[0,0,0,0,0,1,0,0,0,0],[0,0,0,0,0,0,1,0,0,-1],[1,0,0,0,0,0,0,0,0,0]]
U47= [[0,0,0,0,0,0,0,0,1,0],[0,0,0,0,-1,0,0,0,0,0],[0,0,0,0,1,1,1,-1,-1,1],[0,0,1,0,0,0,0,0,0,0],[0,1,0,0,0,0,0,0,0,1],[-1,-1,-1,0,0,-1,-1,1,0,1],[1,0,0,0,0,0,0,0,0,0],[0,0,0,0,0,1,0,0,0,0],[0,0,0,0,0,0,1,1,0,0],[0,0,0,1,0,0,0,0,0,0]]
U48= [[0,0,0,0,0,0,0,1,-1,-1],[0,0,0,0,-1,0,0,0,0,0],[0,0,0,1,0,0,0,0,0,0],[0,0,1,0,0,0,0,0,0,0],[0,1,0,0,0,0,0,1,0,0],[-1,-1,-1,-1,1,0,0,1,0,0],[1,0,0,0,0,0,0,0,1,1],[0,0,0,0,0,0,-1,0,1,0],[0,0,0,0,0,0,1,0,0,-1],[0,0,0,0,0,1,0,0,0,0]]
U49= [[0,0,0,0,0,0,1,0,0,0],[0,0,0,0,-1,0,0,0,0,0],[0,0,1,0,0,0,0,1,0,0],[0,1,0,0,0,0,0,0,0,0],[1,0,0,0,0,0,-1,1,0,0],[-1,-1,-1,1,1,0,0,0,0,0],[0,0,0,-1,0,0,0,1,0,0],[0,0,0,0,0,0,0,1,-1,1],[0,0,0,0,0,0,0,0,1,1],[0,0,0,0,0,1,0,0,0,0]]
U50= [[0,0,0,0,0,-1,0,0,0,0],[0,0,0,-1,0,0,0,0,0,0],[0,0,1,0,-1,0,0,0,0,0],[0,1,0,0,0,-1,0,0,0,0],[1,0,0,0,-1,0,0,0,0,0],[-1,-1,-1,1,0,-1,1,1,1,-1],[0,0,0,0,-1,0,-1,-1,-1,1],[0,0,0,0,0,0,1,0,0,0],[0,0,0,0,0,0,0,1,0,1],[0,0,0,0,0,0,0,0,1,0]]
U51= [[0,0,0,0,1,0,0,1,0,0],[0,0,0,-1,1,0,0,0,0,0],[0,0,1,0,0,0,0,0,0,0],[0,1,0,0,0,-1,0,-1,0,0],[0,-1,-1,1,1,0,1,0,1,1],[-1,0,0,0,0,-1,-1,0,-1,-1],[1,0,0,0,0,-1,0,0,0,0],[0,0,0,0,0,0,1,0,0,0],[0,0,0,0,0,0,0,0,1,0],[0,0,0,0,0,0,0,0,0,1]]
U52= [[0,0,0,0,0,0,0,0,1,0],[0,0,0,-1,0,0,0,0,0,1],[0,0,1,1,1,1,1,-1,0,0],[0,0,-1,0,0,0,0,0,0,1],[0,1,0,0,0,0,0,0,0,0],[-1,-1,0,0,-1,-1,-1,1,0,0],[1,0,0,0,0,0,0,0,-1,1],[0,0,0,0,1,0,0,0,0,0],[0,0,0,0,0,1,0,1,0,0],[0,0,0,0,0,0,1,0,0,0]]
U53= [[0,0,0,0,0,0,0,0,1,0],[0,0,0,-1,0,0,0,0,0,0],[0,0,0,1,1,1,1,-1,-1,1],[0,0,1,0,0,0,0,0,0,0],[0,1,0,0,0,0,0,0,0,1],[-1,-1,-1,0,-1,-1,-1,1,0,1],[1,0,0,0,0,0,0,0,0,0],[0,0,0,0,1,0,0,0,0,0],[0,0,0,0,0,1,0,1,0,0],[0,0,0,0,0,0,1,0,0,0]]
U54= [[0,0,0,0,0,0,0,0,-1,0],[0,0,0,0,-1,0,0,0,0,0],[0,0,0,1,0,0,0,0,0,1],[0,0,1,0,0,0,0,0,0,0],[0,1,0,0,0,0,0,0,0,1],[-1,-1,-1,-1,1,0,0,0,0,0],[1,0,0,0,0,0,0,0,1,1],[0,0,0,0,0,-1,-1,1,0,0],[0,0,0,0,0,1,0,0,1,1],[0,0,0,0,0,0,1,1,0,0]]
U55= [[0,0,0,0,0,0,0,0,1,0],[0,0,0,0,-1,0,0,0,0,0],[0,0,1,0,0,1,0,0,0,0],[0,1,0,0,0,0,0,0,0,0],[1,0,0,0,0,1,0,0,-1,0],[-1,-1,-1,1,1,0,0,0,0,0],[0,0,0,-1,0,1,0,0,0,0],[0,0,0,0,0,1,-1,-1,0,1],[0,0,0,0,0,0,1,0,0,0],[0,0,0,0,0,0,0,1,0,1]]
U56= [[0,-1,-1,-1,-1,-1,0,0,1,1],[1,0,0,0,0,0,0,0,0,0],[-1,0,0,0,0,0,0,1,-1,-1],[0,1,0,0,0,0,0,1,0,0],[0,0,1,0,0,0,0,0,0,0],[0,0,0,1,0,0,0,1,0,0],[0,0,0,0,1,0,0,0,0,0],[0,0,0,0,0,1,0,0,0,0],[0,0,0,0,0,0,0,0,1,-1],[0,0,0,0,0,0,1,0,0,0]]
U57= [[0,0,-1,-1,-1,-1,0,0,1,1],[1,0,0,0,0,0,0,0,0,0],[-1,-1,0,0,0,0,0,1,-1,-1],[0,1,0,0,0,0,0,0,0,0],[0,0,1,0,0,0,0,1,0,0],[0,0,0,1,0,0,0,0,0,0],[0,0,0,0,1,0,0,1,0,0],[0,0,0,0,0,1,0,0,0,0],[0,0,0,0,0,0,0,0,1,-1],[0,0,0,0,0,0,1,0,0,0]]
U58= [[0,0,0,-1,-1,-1,0,1,0,1],[1,0,0,0,0,0,0,0,0,0],[-1,-1,-1,0,0,0,0,-1,1,-1],[0,1,0,0,0,0,0,0,1,0],[0,0,1,0,0,0,0,0,0,0],[0,0,0,1,0,0,0,0,1,0],[0,0,0,0,1,0,0,0,0,0],[0,0,0,0,0,1,0,0,0,0],[0,0,0,0,0,0,0,1,0,-1],[0,0,0,0,0,0,1,0,0,0]]
U59= [[-1,1,-1,-1,-1,-1,-1,-1,0,0],[0,-1,0,0,0,0,0,-1,0,0],[1,0,0,0,0,0,0,0,0,0],[0,0,1,0,0,0,0,0,0,0],[0,0,0,1,0,0,0,-1,0,0],[0,0,0,0,1,0,0,0,0,0],[0,0,0,0,0,1,0,0,0,0],[0,0,0,0,0,0,1,0,0,0],[0,0,0,0,0,0,0,1,-1,1],[0,0,0,0,0,0,0,0,1,1]]
U60= [[-1,-1,-1,-1,-1,-1,1,0,0,0],[0,0,0,0,0,0,-1,0,1,0],[1,0,0,0,0,0,0,0,1,0],[0,1,0,0,0,0,0,0,0,0],[0,0,1,0,0,0,0,0,1,0],[0,0,0,1,0,0,0,0,0,0],[0,0,0,0,1,0,0,0,0,0],[0,0,0,0,0,1,0,0,0,0],[0,0,0,0,0,0,1,-1,0,-1],[0,0,0,0,0,0,0,1,0,-1]]
U61= [[0,-1,-1,-1,-1,-1,1,1,-1,0],[1,0,0,0,0,0,0,0,0,0],[-1,0,0,0,0,0,-1,-1,1,1],[0,1,0,0,0,0,0,0,0,1],[0,0,1,0,0,0,0,0,0,0],[0,0,0,1,0,0,0,0,0,1],[0,0,0,0,1,0,0,0,0,0],[0,0,0,0,0,1,0,0,0,0],[0,0,0,0,0,0,1,0,0,0],[0,0,0,0,0,0,0,1,1,0]]
U62= [[0,0,-1,-1,-1,-1,0,1,1,0],[1,0,0,0,0,0,0,0,0,0],[-1,-1,0,0,0,0,0,-1,-1,1],[0,1,0,0,0,0,0,0,0,1],[0,0,1,0,0,0,1,0,0,1],[0,0,0,1,0,0,0,0,0,0],[0,0,0,0,1,0,1,0,0,0],[0,0,0,0,0,1,1,0,0,0],[0,0,0,0,0,0,0,1,0,0],[0,0,0,0,0,0,0,0,1,0]]
U63= [[0,0,-1,-1,-1,-1,1,1,-1,0],[1,0,0,0,0,0,0,0,0,0],[-1,-1,0,0,0,0,-1,-1,1,1],[0,1,0,0,0,0,0,0,0,0],[0,0,1,0,0,0,0,0,0,1],[0,0,0,1,0,0,0,0,0,0],[0,0,0,0,1,0,0,0,0,1],[0,0,0,0,0,1,0,0,0,0],[0,0,0,0,0,0,1,0,0,0],[0,0,0,0,0,0,0,1,1,0]]
U64= [[0,0,0,-1,-1,-1,1,1,-1,0],[1,0,0,0,0,0,0,0,0,0],[-1,-1,-1,0,0,0,-1,-1,1,1],[0,1,0,0,0,0,0,0,0,1],[0,0,1,0,0,0,0,0,0,0],[0,0,0,1,0,0,0,0,0,1],[0,0,0,0,1,0,0,0,0,0],[0,0,0,0,0,1,0,0,0,0],[0,0,0,0,0,0,1,0,1,0],[0,0,0,0,0,0,0,1,0,0]]
U65= [[0,0,0,-1,-1,-1,-1,0,0,1],[1,0,0,0,0,0,0,0,0,0],[-1,-1,-1,0,0,0,0,0,1,-1],[0,1,0,0,0,0,0,0,0,-1],[0,0,1,0,0,0,0,0,0,0],[0,0,0,1,0,0,0,0,1,0],[0,0,0,0,1,0,0,0,0,1],[0,0,0,0,0,1,0,0,1,0],[0,0,0,0,0,0,1,0,0,0],[0,0,0,0,0,0,0,1,0,0]]
U66= [[-1,-1,-1,-1,-1,-1,-1,0,1,0],[0,0,0,0,0,0,0,1,-1,0],[1,0,0,0,0,0,0,1,0,1],[0,1,0,0,0,0,0,0,0,0],[0,0,1,0,0,0,0,1,0,1],[0,0,0,1,0,0,0,0,0,0],[0,0,0,0,1,0,0,0,0,1],[0,0,0,0,0,1,0,0,0,0],[0,0,0,0,0,0,1,0,0,0],[0,0,0,0,0,0,0,0,1,-1]]
U67= [[0,-1,-1,-1,-1,-1,-1,0,1,1],[1,0,0,0,0,0,0,0,0,0],[-1,0,0,0,0,0,0,1,-1,-1],[0,1,0,0,0,0,0,1,0,0],[0,0,1,0,0,0,0,0,0,0],[0,0,0,1,0,0,0,1,0,0],[0,0,0,0,1,0,0,0,0,0],[0,0,0,0,0,1,0,0,0,0],[0,0,0,0,0,0,1,0,0,0],[0,0,0,0,0,0,0,0,1,-1]]
U68= [[0,0,-1,-1,-1,-1,-1,0,1,1],[1,0,0,0,0,0,0,0,0,0],[-1,-1,0,0,0,0,0,1,-1,-1],[0,1,0,0,0,0,0,0,0,0],[0,0,1,0,0,0,0,1,0,0],[0,0,0,1,0,0,0,0,0,0],[0,0,0,0,1,0,0,1,0,0],[0,0,0,0,0,1,0,0,0,0],[0,0,0,0,0,0,1,0,0,0],[0,0,0,0,0,0,0,0,1,-1]]
U69= [[0,0,0,-1,-1,-1,-1,0,1,0],[1,0,0,0,0,0,0,0,0,0],[-1,-1,-1,0,0,0,0,0,-1,1],[0,1,0,0,0,0,0,0,0,1],[0,0,1,0,0,0,0,0,0,0],[0,0,0,1,0,0,0,1,0,1],[0,0,0,0,1,0,0,0,0,0],[0,0,0,0,0,1,0,1,0,0],[0,0,0,0,0,0,1,1,0,0],[0,0,0,0,0,0,0,0,1,0]]
U70= [[0,0,0,-1,-1,-1,-1,0,1,1],[1,0,0,0,0,0,0,0,0,0],[-1,-1,-1,0,0,0,0,1,-1,-1],[0,1,0,0,0,0,0,0,0,0],[0,0,1,0,0,0,0,0,0,0],[0,0,0,1,0,0,0,1,0,0],[0,0,0,0,1,0,0,0,0,0],[0,0,0,0,0,1,0,1,0,0],[0,0,0,0,0,0,1,0,0,0],[0,0,0,0,0,0,0,0,1,-1]]
U71= [[0,0,-1,-1,-1,-1,-1,-1,0,1],[1,0,0,0,0,0,0,0,0,0],[-1,-1,0,0,0,0,0,0,1,-1],[0,1,0,0,0,0,0,0,0,-1],[0,0,1,0,0,0,0,0,1,0],[0,0,0,1,0,0,0,0,0,1],[0,0,0,0,1,0,0,0,1,0],[0,0,0,0,0,1,0,0,0,0],[0,0,0,0,0,0,1,0,0,0],[0,0,0,0,0,0,0,1,0,0]]
U72= [[0,0,0,-1,-1,-1,-1,-1,0,1],[1,0,0,0,0,0,0,0,0,0],[-1,-1,-1,0,0,0,0,0,1,-1],[0,1,0,0,0,0,0,0,0,-1],[0,0,1,0,0,0,0,0,0,0],[0,0,0,1,0,0,0,0,1,0],[0,0,0,0,1,0,0,0,0,1],[0,0,0,0,0,1,0,0,1,0],[0,0,0,0,0,0,1,0,0,0],[0,0,0,0,0,0,0,1,0,0]]
U73= [[0,0,0,0,-1,-1,-1,-1,0,1],[1,0,0,0,0,0,0,0,0,0],[-1,-1,-1,-1,0,0,0,0,1,-1],[0,1,0,0,0,0,0,0,1,-1],[0,0,1,0,0,0,0,0,0,0],[0,0,0,1,0,0,0,0,0,0],[0,0,0,0,1,0,0,0,1,0],[0,0,0,0,0,1,0,0,0,0],[0,0,0,0,0,0,1,0,0,1],[0,0,0,0,0,0,0,1,0,0]]
U74= [[-1,-1,-1,-1,0,0,0,1,0,0],[1,0,0,0,-1,-1,1,0,0,0],[0,1,0,0,-1,-1,1,0,0,0],[0,0,1,0,0,0,0,0,0,0],[0,0,0,1,0,0,0,0,0,0],[0,0,0,0,0,1,1,0,0,0],[0,0,0,0,1,0,0,1,0,0],[0,0,0,0,0,0,1,0,1,0],[0,0,0,0,0,0,0,-1,-1,0],[0,0,0,0,0,0,0,0,0,1]]
U75= [[0,0,0,0,-1,0,1,1,0,0],[-1,-1,1,0,-1,0,-1,0,0,0],[1,0,0,0,0,0,0,0,0,0],[0,1,0,0,0,0,0,0,0,0],[0,0,0,1,0,0,0,0,0,0],[0,0,0,0,0,1,0,0,0,0],[0,0,1,-1,1,-1,0,0,0,0],[0,0,0,0,0,0,0,1,1,0],[0,0,-1,0,0,0,0,1,-1,0],[0,0,0,0,0,0,0,0,0,1]]
U76= [[0,0,0,0,1,-1,0,0,0,0],[-1,-1,1,0,-1,-1,0,-1,0,0],[1,0,0,0,0,0,0,0,0,0],[0,1,0,0,0,0,0,0,0,0],[0,0,0,1,0,0,0,0,0,0],[0,0,1,-1,0,1,0,0,0,0],[0,0,0,0,0,0,1,0,0,0],[0,0,0,0,0,0,0,-1,1,0],[0,0,-1,0,0,0,-1,-1,-1,0],[0,0,0,0,0,0,0,0,0,1]]
U77= [[-1,1,-1,0,-1,-1,-1,-1,0,-1],[1,0,0,0,0,0,0,0,-1,0],[0,0,0,0,1,0,0,0,0,0],[0,0,0,0,0,1,0,0,-1,0],[0,0,0,0,0,0,1,0,0,0],[0,0,0,0,0,0,0,1,0,0],[0,0,0,0,0,0,0,0,0,1],[0,0,-1,0,0,0,0,0,1,0],[0,1,1,1,0,0,0,0,0,0],[0,1,0,-1,0,0,0,0,0,0]]
U78= [[-1,-1,1,0,0,-1,-1,-1,-1,0],[1,0,0,0,0,0,0,0,0,-1],[0,1,0,0,0,0,0,0,0,0],[0,0,0,0,0,1,0,0,0,-1],[0,0,0,0,0,0,1,0,0,0],[0,0,0,0,0,0,0,1,0,-1],[0,0,0,0,0,0,0,0,1,0],[0,0,1,1,0,0,0,0,0,1],[0,0,1,0,1,0,0,0,0,0],[0,0,0,-1,-1,0,0,0,0,0]]
U79= [[-1,-1,-1,-1,-1,-1,-1,1,-1,1],[1,0,0,0,0,0,0,0,0,0],[0,1,0,0,0,-1,-1,0,-1,1],[0,0,1,0,0,0,0,0,0,0],[0,0,0,1,0,0,0,0,0,0],[0,0,0,0,1,0,0,0,0,0],[0,0,0,0,0,0,1,0,0,0],[0,0,0,0,0,0,0,0,1,1],[0,0,0,0,0,1,0,1,0,0],[0,0,0,0,0,0,0,-1,0,1]]
U80= [[-1,-1,-1,-1,-1,-1,-1,0,1,0],[1,0,0,0,0,0,0,1,0,0],[0,1,0,0,0,-1,-1,1,0,0],[0,0,1,0,0,0,0,0,0,0],[0,0,0,1,0,0,0,0,0,0],[0,0,0,0,1,0,0,0,0,0],[0,0,0,0,0,0,1,1,0,0],[0,0,0,0,0,1,0,0,1,0],[0,0,0,0,0,0,0,1,0,1],[0,0,0,0,0,0,0,0,-1,-1]]
U81= [[-1,-1,-1,-1,-1,1,0,1,0,0],[1,0,0,0,0,0,-1,0,0,0],[0,1,0,0,0,0,-1,0,0,0],[0,0,1,0,0,0,0,0,0,0],[0,0,0,1,0,0,0,0,0,0],[0,0,0,0,1,0,0,0,0,0],[0,0,0,0,0,0,1,1,0,0],[0,0,0,0,0,1,0,0,1,0],[0,0,0,0,0,1,0,0,0,1],[0,0,0,0,0,0,0,-1,-1,-1]]
U82= [[-1,-1,-1,-1,-1,-1,-1,-1,-1,1],[1,0,0,0,0,0,0,0,0,0],[0,1,0,0,-1,-1,-1,-1,-1,0],[0,0,1,0,0,0,0,0,0,0],[0,0,0,1,0,0,0,0,0,0],[0,0,0,0,0,1,0,0,0,0],[0,0,0,0,0,0,1,0,0,1],[0,0,0,0,0,0,0,1,0,0],[0,0,0,0,0,0,0,0,1,1],[0,0,0,0,1,0,0,0,0,1]]
U83= [[-1,-1,-1,-1,-1,-1,1,-1,-1,1],[1,0,0,0,0,0,0,0,0,0],[0,1,0,0,-1,-1,0,-1,-1,1],[0,0,1,0,0,0,0,0,0,0],[0,0,0,1,0,0,0,0,0,0],[0,0,0,0,0,1,0,0,0,0],[0,0,0,0,0,0,0,1,0,1],[0,0,0,0,0,0,0,0,1,0],[0,0,0,0,1,0,1,0,0,0],[0,0,0,0,0,0,-1,0,0,1]]
U84= [[0,0,0,0,1,0,1,0,0,0],[-1,-1,-1,1,1,0,-1,0,1,0],[1,0,0,0,0,0,0,0,0,0],[0,1,0,0,0,0,0,0,0,0],[0,0,1,0,0,0,0,0,0,0],[0,0,0,0,0,1,0,0,0,0],[0,0,0,0,0,0,0,1,0,0],[0,0,0,1,-1,-1,0,-1,0,0],[0,0,0,0,0,0,0,0,1,1],[0,0,0,-1,0,0,0,0,1,-1]]
U85= [[0,0,0,0,0,1,0,0,0,0],[-1,-1,-1,1,0,-1,-1,0,-1,0],[1,0,0,0,0,0,0,0,0,0],[0,1,0,0,0,0,-1,0,0,0],[0,0,1,0,0,0,0,0,0,0],[0,0,0,0,1,0,0,0,0,0],[0,0,0,1,-1,0,1,0,0,0],[0,0,0,0,0,0,0,1,0,0],[0,0,0,0,0,0,0,0,-1,1],[0,0,0,-1,0,0,0,-1,-1,-1]]
U86= [[-1,-1,-1,-1,0,1,0,0,1,0],[1,0,0,0,-1,0,0,0,0,0],[0,1,0,0,-1,0,0,0,0,0],[0,0,1,0,0,0,0,0,0,0],[0,0,0,1,0,0,0,0,0,0],[0,0,0,0,1,1,0,0,0,0],[0,0,0,0,0,0,1,0,0,0],[0,0,0,0,0,0,0,1,0,0],[0,0,0,0,0,0,0,0,1,1],[0,0,0,0,0,-1,-1,-1,1,-1]]
U87= [[0,0,0,0,-1,0,0,1,1,0],[-1,-1,1,0,-1,0,0,-1,0,0],[1,0,0,0,0,0,0,0,0,0],[0,1,0,0,0,0,0,0,0,0],[0,0,0,1,0,0,0,0,0,0],[0,0,0,0,0,1,0,0,0,0],[0,0,0,0,0,0,1,0,0,0],[0,0,1,-1,1,-1,-1,0,0,0],[0,0,0,0,0,0,0,0,1,1],[0,0,-1,0,0,0,0,0,1,-1]]
U88= [[0,0,0,0,-1,-1,0,1,0,0],[-1,-1,1,0,-1,-1,0,-1,0,0],[1,0,0,0,0,0,0,0,0,0],[0,1,0,0,0,0,0,0,0,0],[0,0,0,1,-1,0,0,0,0,0],[0,0,0,0,0,1,1,0,0,0],[0,0,1,-1,0,0,-1,0,0,0],[0,0,0,0,0,0,0,0,1,0],[0,0,0,0,0,0,0,0,0,1],[0,0,-1,0,-1,0,0,0,-1,-1]]
U89= [[0,0,0,1,-1,1,1,0,-1,0],[0,0,0,1,0,0,0,0,0,0],[1,0,-1,0,-1,0,0,0,0,1],[0,1,-1,0,0,0,0,0,0,1],[1,1,0,0,0,1,1,0,-1,0],[0,0,1,-1,0,0,0,0,0,1],[0,0,0,0,1,0,0,0,0,0],[0,0,0,0,0,1,0,0,1,0],[0,0,0,0,0,0,1,0,0,0],[0,0,0,0,0,0,0,1,0,0]]
U90= [[0,0,0,-1,0,1,1,1,0,-1],[1,0,0,0,0,0,0,0,0,0],[0,1,0,0,0,0,0,0,0,0],[0,0,1,0,0,0,0,0,0,0],[1,1,1,1,0,1,1,1,0,-1],[0,0,0,1,-1,0,0,0,1,0],[0,0,0,0,1,0,0,0,1,0],[0,0,0,0,0,1,0,0,0,0],[0,0,0,0,0,0,1,0,0,1],[0,0,0,0,0,0,0,1,0,0]]
U91= [[0,0,-1,0,1,0,-1,0,0,0],[0,0,0,0,0,0,1,0,0,0],[1,0,-1,0,0,0,0,0,0,0],[0,1,0,0,0,0,0,0,0,0],[1,1,0,0,1,0,0,0,0,0],[0,0,1,-1,0,0,0,0,0,1],[0,0,0,1,0,0,0,0,0,1],[0,0,0,0,1,-1,0,-1,-1,0],[0,0,0,0,0,1,0,-1,0,0],[0,0,0,0,0,0,0,0,1,0]]
U92= [[0,0,0,0,1,1,1,1,-1,0],[1,0,-1,0,0,0,0,0,0,0],[0,0,0,0,1,0,0,0,0,0],[0,1,-1,0,0,0,0,0,0,0],[1,1,0,0,0,1,1,1,-1,0],[0,0,1,-1,-1,0,0,0,0,1],[0,0,0,1,0,0,0,0,0,1],[0,0,0,0,0,1,0,0,1,0],[0,0,0,0,0,0,1,0,0,0],[0,0,0,0,0,0,0,1,0,0]]
U93= [[-1,0,0,-1,-1,0,0,0,0,1],[0,0,0,-1,0,-1,-1,-1,1,0],[0,1,0,0,0,0,0,0,0,0],[0,0,1,0,-1,0,0,0,0,1],[-1,1,1,0,0,-1,-1,-1,1,0],[0,0,0,1,0,0,0,0,0,0],[0,0,0,0,1,0,0,0,0,1],[0,0,0,0,0,1,0,0,0,0],[0,0,0,0,0,0,1,0,1,0],[0,0,0,0,0,0,0,1,0,0]]
U94= [[0,0,0,1,-1,1,1,-1,1,0],[0,0,0,1,0,0,0,0,0,0],[1,0,-1,0,-1,0,0,0,0,1],[0,1,-1,0,0,0,0,0,0,1],[1,1,0,0,0,1,1,-1,1,0],[0,0,1,-1,0,0,0,0,0,1],[0,0,0,0,1,0,0,0,0,0],[0,0,0,0,0,1,0,1,0,0],[0,0,0,0,0,0,1,0,0,0],[0,0,0,0,0,0,0,0,1,0]]
U95= [[-1,0,0,0,0,1,0,0,0,0],[0,0,0,-1,0,0,0,0,0,0],[0,1,0,0,0,0,0,0,0,0],[0,0,1,0,0,1,0,0,0,0],[-1,1,1,-1,0,0,0,0,0,0],[0,0,0,0,-1,-1,0,0,0,1],[0,0,0,0,1,0,0,0,0,1],[0,0,0,0,0,1,-1,-1,1,0],[0,0,0,0,0,0,1,0,0,0],[0,0,0,0,0,0,0,1,1,0]]
U96= [[0,0,0,-1,0,1,0,-1,0,0],[0,0,0,0,0,0,0,1,0,0],[0,1,0,-1,0,0,0,0,0,1],[0,0,1,0,0,0,0,0,0,1],[0,1,1,0,0,1,0,0,0,0],[0,0,0,1,-1,0,0,0,0,0],[0,0,0,0,1,0,0,0,0,1],[0,0,0,0,0,1,-1,0,-1,0],[0,0,0,0,0,0,1,0,-1,0],[1,0,0,0,0,0,0,0,0,0]]
U97= [[-1,0,0,-1,-1,0,0,0,1,0],[0,0,0,0,0,-1,0,0,0,0],[0,1,0,0,0,0,0,0,0,0],[0,0,1,-1,-1,0,0,0,1,0],[-1,1,1,0,0,-1,0,0,0,0],[0,0,0,1,0,0,0,0,0,0],[0,0,0,0,1,0,0,0,1,0],[0,0,0,0,0,0,-1,-1,-1,1],[0,0,0,0,0,0,1,0,0,0],[0,0,0,0,0,0,0,1,0,1]]
U98= [[-1,0,0,-1,-1,0,0,0,0,1],[0,0,0,0,0,-1,0,0,0,1],[0,1,0,0,0,0,0,0,0,0],[0,0,1,-1,-1,0,0,0,0,0],[-1,1,1,0,0,-1,0,0,0,0],[0,0,0,1,0,0,0,0,0,0],[0,0,0,0,1,0,0,0,0,1],[0,0,0,0,0,1,-1,-1,1,0],[0,0,0,0,0,0,1,0,0,0],[0,0,0,0,0,0,0,1,1,0]]
U99= [[0,0,-1,0,1,0,-1,0,0,0],[0,0,0,0,0,0,1,0,0,0],[1,0,-1,0,0,0,0,0,0,1],[0,1,0,0,0,0,0,0,0,1],[1,1,0,0,1,0,0,0,0,0],[0,0,1,-1,0,0,0,0,0,0],[0,0,0,1,0,0,0,0,0,1],[0,0,0,0,1,-1,0,-1,-1,0],[0,0,0,0,0,1,0,-1,0,0],[0,0,0,0,0,0,0,0,1,0]]
U100= [[1,0,0,0,0,0,0,0,0,0],[-1,0,0,-1,-1,-1,0,0,1,0],[0,1,0,-1,0,0,-1,-1,0,1],[0,0,1,0,0,0,-1,-1,0,1],[0,1,1,0,-1,-1,0,0,1,0],[0,0,0,1,0,0,0,0,0,0],[0,0,0,0,1,0,0,0,0,0],[0,0,0,0,0,1,0,0,1,0],[0,0,0,0,0,0,1,0,0,0],[0,0,0,0,0,0,0,1,0,1]]
U101= [[0,0,-1,1,0,0,0,0,0,0],[0,0,0,-1,-1,-1,0,0,1,0],[0,0,0,-1,0,0,-1,-1,0,1],[-1,1,0,-1,0,0,-1,-1,0,1],[1,1,-1,0,-1,-1,0,0,1,0],[0,0,1,0,0,0,0,0,0,0],[0,0,0,0,1,0,0,0,0,0],[0,0,0,0,0,1,0,0,1,0],[0,0,0,0,0,0,1,0,0,1],[0,0,0,0,0,0,0,1,0,0]]
U102= [[0,-1,0,0,0,0,0,0,0,0],[0,1,0,-1,0,0,0,0,0,1],[1,0,-1,0,0,-1,-1,0,1,-1],[1,0,1,0,0,0,0,0,0,0],[0,0,0,-1,0,-1,-1,0,1,0],[0,0,0,0,0,0,0,0,0,1],[0,0,0,1,-1,0,0,1,0,0],[0,0,0,0,1,0,0,1,0,0],[0,0,0,0,0,1,0,0,1,0],[0,0,0,0,0,0,1,0,0,0]]
U103= [[0,0,0,0,0,0,0,0,1,-1],[0,0,0,-1,0,0,0,1,0,0],[0,1,0,0,0,0,-1,1,0,-1],[0,0,1,0,0,0,-1,0,0,0],[0,1,1,-1,0,0,0,0,1,0],[0,0,0,1,-1,-1,0,0,1,1],[0,0,0,0,1,0,0,1,0,0],[0,0,0,0,0,1,0,0,0,0],[0,0,0,0,0,0,1,0,0,0],[1,0,0,0,0,0,0,0,0,0]]
U104= [[1,0,0,0,0,0,0,0,0,0],[-1,0,0,-1,-1,-1,1,0,0,1],[0,1,0,0,0,0,1,-1,-1,0],[0,0,1,0,0,0,0,-1,-1,0],[0,1,1,-1,-1,-1,0,0,0,1],[0,0,0,1,0,0,1,0,0,0],[0,0,0,0,1,0,0,0,0,1],[0,0,0,0,0,1,0,0,0,0],[0,0,0,0,0,0,0,1,0,0],[0,0,0,0,0,0,0,0,1,-1]]
U105= [[0,0,0,0,0,0,0,0,1,0],[0,0,-1,0,0,0,0,1,0,0],[1,0,0,0,0,-1,0,1,0,0],[0,1,0,0,0,-1,0,0,0,0],[1,1,-1,0,0,0,0,0,1,0],[0,0,1,-1,-1,0,0,0,1,0],[0,0,0,1,0,0,0,1,0,0],[0,0,0,0,1,0,0,0,0,0],[0,0,0,0,0,1,-1,0,0,-1],[0,0,0,0,0,0,1,0,0,-1]]
U106= [[0,0,0,0,-1,0,1,1,0,-1],[1,0,0,0,0,0,0,0,0,0],[0,1,0,0,0,0,0,0,0,0],[0,0,1,-1,0,0,0,0,0,0],[1,1,1,1,1,0,1,1,0,-1],[0,0,0,1,0,0,0,0,0,0],[0,0,0,0,1,-1,0,0,1,0],[0,0,0,0,0,1,0,0,1,0],[0,0,0,0,0,0,1,0,0,0],[0,0,0,0,0,0,0,1,0,1]]
U107= [[0,0,0,1,-1,-1,1,1,0,0],[0,0,0,1,0,0,0,0,1,0],[1,0,-1,0,-1,-1,0,0,0,1],[0,1,-1,0,0,0,0,0,0,1],[1,1,0,0,0,0,1,1,-1,0],[0,0,1,-1,0,0,0,0,0,1],[0,0,0,0,1,0,0,0,-1,0],[0,0,0,0,0,1,0,0,0,0],[0,0,0,0,0,0,1,0,0,0],[0,0,0,0,0,0,0,1,0,0]]
U108= [[0,0,0,-1,0,0,1,0,1,1],[0,0,0,0,0,0,0,0,1,-1],[0,1,0,-1,0,0,0,1,0,0],[0,0,1,0,0,0,0,1,0,0],[0,1,1,0,0,0,1,0,0,0],[0,0,0,1,-1,-1,0,0,0,0],[0,0,0,0,1,0,0,1,1,0],[0,0,0,0,0,1,0,0,0,0],[0,0,0,0,0,0,1,0,0,0],[1,0,0,0,0,0,0,0,0,0]]
U109= [[-1,0,0,-1,-1,-1,0,0,1,1],[0,0,0,0,0,0,-1,0,0,0],[0,1,0,0,0,0,0,0,0,0],[0,0,1,-1,-1,-1,0,0,1,1],[-1,1,1,0,0,0,-1,0,0,0],[0,0,0,1,0,0,0,0,0,0],[0,0,0,0,1,0,0,0,1,1],[0,0,0,0,0,1,0,0,0,0],[0,0,0,0,0,0,0,-1,-1,1],[0,0,0,0,0,0,0,1,0,0]]
U110= [[-1,0,0,-1,-1,-1,0,0,1,1],[0,0,0,0,0,0,-1,0,0,1],[0,1,0,0,0,0,0,0,0,0],[0,0,1,-1,-1,-1,0,0,1,0],[-1,1,1,0,0,0,-1,0,0,0],[0,0,0,1,0,0,0,0,0,0],[0,0,0,0,1,0,0,0,1,1],[0,0,0,0,0,1,0,0,0,0],[0,0,0,0,0,0,1,-1,-1,0],[0,0,0,0,0,0,0,1,0,0]]
U111= [[0,0,-1,0,0,1,0,-1,0,0],[0,0,0,0,0,0,0,1,0,0],[1,0,-1,0,0,0,0,0,0,1],[0,1,0,0,0,0,0,0,0,1],[1,1,0,0,0,1,0,0,0,0],[0,0,1,-1,-1,0,0,0,0,0],[0,0,0,1,0,0,0,0,0,1],[0,0,0,0,1,0,0,0,0,0],[0,0,0,0,0,1,-1,0,-1,0],[0,0,0,0,0,0,1,0,-1,0]]
U112= [[0,0,0,-1,0,0,0,0,0,1],[1,0,0,0,0,0,0,0,0,0],[0,1,0,0,0,0,0,0,0,0],[0,0,1,0,0,0,0,-1,0,0],[1,1,1,-1,0,0,0,1,0,-1],[0,0,0,1,-1,-1,-1,0,1,0],[0,0,0,0,1,0,0,0,0,1],[0,0,0,0,0,1,0,0,1,0],[0,0,0,0,0,0,1,0,0,0],[0,0,0,0,0,0,0,1,-1,0]]
U113= [[0,0,0,0,0,0,0,1,1,0],[0,0,-1,0,0,0,0,0,0,-1],[1,0,0,0,0,0,0,1,0,-1],[0,1,0,0,0,0,0,0,0,0],[1,1,-1,0,0,0,0,0,1,0],[0,0,1,-1,-1,-1,0,-1,1,0],[0,0,0,1,0,0,0,0,0,-1],[0,0,0,0,1,0,0,0,0,0],[0,0,0,0,0,1,0,0,0,0],[0,0,0,0,0,0,1,0,0,0]]
U114= [[1,0,0,0,0,0,0,0,0,0],[-1,0,0,-1,-1,-1,-1,1,1,1],[0,1,0,0,0,0,0,1,0,0],[0,0,1,0,0,0,0,0,0,0],[0,1,1,-1,-1,-1,-1,0,1,1],[0,0,0,1,0,0,0,1,0,0],[0,0,0,0,1,0,0,0,1,1],[0,0,0,0,0,1,0,0,0,0],[0,0,0,0,0,0,1,0,0,0],[0,0,0,0,0,0,0,0,1,-1]]
U115= [[0,0,0,0,0,0,0,0,1,0],[0,0,-1,0,0,0,0,0,0,-1],[1,0,0,0,0,0,-1,0,1,-1],[0,1,0,0,0,0,-1,0,0,0],[1,1,-1,0,0,0,0,0,0,0],[0,0,1,-1,-1,-1,0,1,-1,0],[0,0,0,1,0,0,0,0,0,-1],[0,0,0,0,1,0,0,1,0,0],[0,0,0,0,0,1,0,0,0,0],[0,0,0,0,0,0,1,-1,0,0]]
U116= [[1,0,0,0,0,0,0,0,0,0],[-1,0,0,-1,-1,-1,-1,0,1,1],[0,0,0,0,0,0,0,-1,-1,1],[0,-1,1,0,0,0,0,-1,0,0],[0,1,1,-1,-1,-1,-1,0,0,0],[0,0,0,1,0,0,0,0,1,1],[0,0,0,0,1,0,0,0,0,0],[0,0,0,0,0,1,0,0,0,0],[0,0,0,0,0,0,1,0,0,0],[0,0,0,0,0,0,0,1,0,0]]
U117= [[0,0,-1,0,0,0,0,-1,1,0],[0,0,0,0,0,0,0,1,1,0],[1,0,-1,0,0,0,0,0,0,-1],[0,1,0,0,0,0,0,0,0,-1],[1,1,0,0,0,0,0,0,0,0],[0,0,1,-1,-1,-1,0,0,0,0],[0,0,0,1,0,0,0,0,1,-1],[0,0,0,0,1,0,0,0,0,0],[0,0,0,0,0,1,0,0,0,0],[0,0,0,0,0,0,1,0,0,0]]
U118= [[-1,0,0,-1,-1,-1,-1,0,1,1],[0,0,0,0,0,0,0,-1,0,0],[0,1,0,0,0,0,0,0,0,0],[0,0,1,-1,-1,-1,-1,0,1,1],[-1,1,1,0,0,0,0,-1,0,0],[0,0,0,1,0,0,0,0,0,0],[0,0,0,0,1,0,0,0,1,1],[0,0,0,0,0,1,0,0,0,0],[0,0,0,0,0,0,1,0,0,0],[0,0,0,0,0,0,0,0,-1,1]]
U119= [[-1,0,0,-1,-1,-1,-1,1,1,1],[0,0,0,0,0,0,0,1,0,0],[0,1,0,0,0,0,0,0,1,0],[0,0,1,-1,-1,-1,-1,0,0,1],[-1,1,1,0,0,0,0,0,0,0],[0,0,0,1,0,0,0,0,0,0],[0,0,0,0,1,0,0,1,1,1],[0,0,0,0,0,1,0,0,0,0],[0,0,0,0,0,0,1,0,0,0],[0,0,0,0,0,0,0,0,1,-1]]
U120= [[0,0,-1,0,0,0,1,0,-1,0],[0,0,0,0,0,0,0,0,1,0],[1,0,-1,0,0,0,0,0,0,-1],[0,1,0,0,0,0,0,0,0,-1],[1,1,0,0,0,0,1,0,0,0],[0,0,1,-1,-1,-1,0,1,0,0],[0,0,0,1,0,0,0,0,0,-1],[0,0,0,0,1,0,0,1,0,0],[0,0,0,0,0,1,0,0,0,0],[0,0,0,0,0,0,1,-1,0,0]]
U121= [[0,0,0,-1,0,0,0,0,0,0],[1,0,0,0,0,0,0,0,0,0],[0,1,0,0,0,0,0,0,0,0],[0,0,1,0,0,0,0,0,-1,1],[1,1,1,-1,0,0,0,0,1,-1],[0,0,0,0,-1,-1,-1,-1,1,1],[0,0,0,0,1,0,0,0,0,0],[0,0,0,0,0,1,0,0,1,1],[0,0,0,0,0,0,1,0,0,0],[0,0,0,0,0,0,0,1,0,0]]
U122= [[0,0,0,-1,0,0,0,0,1,0],[1,0,0,0,0,0,0,0,0,0],[0,1,0,0,0,0,0,0,0,0],[0,0,1,0,0,0,0,0,0,-1],[1,1,1,-1,0,0,0,0,-1,1],[0,0,0,1,-1,-1,-1,-1,0,1],[0,0,0,0,1,0,0,0,1,0],[0,0,0,0,0,1,0,0,0,1],[0,0,0,0,0,0,1,0,0,0],[0,0,0,0,0,0,0,1,0,0]]
U123= [[0,0,0,-1,-1,-1,-1,-1,1,1],[0,1,0,0,0,0,0,0,0,0],[0,-1,0,0,0,0,0,0,-1,1],[-1,0,1,0,0,0,0,0,0,0],[1,0,1,-1,-1,-1,-1,-1,0,0],[0,0,0,1,0,0,0,0,0,0],[0,0,0,0,1,0,0,0,1,1],[0,0,0,0,0,1,0,0,0,0],[0,0,0,0,0,0,1,0,0,0],[0,0,0,0,0,0,0,1,0,0]]
U124= [[0,0,0,0,0,0,0,1,1,0],[0,0,-1,0,0,0,0,0,0,-1],[1,0,0,0,0,0,0,1,0,-1],[0,1,0,0,0,0,0,0,0,0],[1,1,-1,0,0,0,0,0,1,0],[0,0,1,-1,-1,-1,-1,-1,1,0],[0,0,0,1,0,0,0,0,0,-1],[0,0,0,0,1,0,0,0,0,0],[0,0,0,0,0,1,0,0,0,0],[0,0,0,0,0,0,1,0,0,0]]
U125= [[1,0,0,0,0,0,0,0,0,0],[-1,0,0,-1,-1,-1,-1,-1,1,1],[0,0,0,0,0,0,0,0,-1,1],[0,-1,1,0,0,0,0,0,0,0],[0,1,1,-1,-1,-1,-1,-1,0,0],[0,0,0,1,0,0,0,0,1,1],[0,0,0,0,1,0,0,0,0,0],[0,0,0,0,0,1,0,0,0,0],[0,0,0,0,0,0,1,0,0,0],[0,0,0,0,0,0,0,1,0,0]]
U126= [[-1,0,0,-1,-1,-1,-1,-1,1,0],[0,0,0,0,0,0,0,0,1,-1],[0,1,0,0,0,0,0,0,0,0],[0,0,1,-1,-1,-1,-1,-1,0,0],[-1,1,1,0,0,0,0,0,0,-1],[0,0,0,1,0,0,0,0,1,1],[0,0,0,0,1,0,0,0,0,0],[0,0,0,0,0,1,0,0,0,1],[0,0,0,0,0,0,1,0,0,0],[0,0,0,0,0,0,0,1,0,0]]
U127= [[0,0,-1,0,0,0,0,-1,1,0],[0,0,0,0,0,0,0,1,1,0],[1,0,-1,0,0,0,0,0,0,-1],[0,1,0,0,0,0,0,0,0,-1],[1,1,0,0,0,0,0,0,0,0],[0,0,1,-1,-1,-1,-1,0,0,0],[0,0,0,1,0,0,0,0,1,-1],[0,0,0,0,1,0,0,0,0,0],[0,0,0,0,0,1,0,0,0,0],[0,0,0,0,0,0,1,0,0,0]]
U128= [[1,0,0,0,0,0,0,0,0,0],[0,1,0,0,0,0,0,0,0,0],[0,0,1,0,0,0,0,0,0,0],[1,1,1,0,-1,-1,1,1,1,-1],[0,0,0,1,0,0,0,0,0,0],[0,0,0,1,-1,-1,-1,-1,1,1],[0,0,0,0,1,0,0,0,0,0],[0,0,0,0,0,1,0,0,1,0],[0,0,0,0,0,0,1,0,0,0],[0,0,0,0,0,0,0,1,0,1]]
U129= [[0,0,0,0,0,0,0,0,1,0],[1,0,0,0,0,-1,-1,0,0,0],[0,1,0,0,0,0,0,0,0,0],[1,1,0,-1,-1,0,0,1,0,1],[0,0,1,0,0,0,0,0,0,0],[0,0,1,-1,-1,-1,-1,1,1,-1],[0,0,0,1,0,0,0,0,0,0],[0,0,0,0,1,0,0,1,0,0],[0,0,0,0,0,1,0,0,0,0],[0,0,0,0,0,0,1,0,0,-1]]
U130= [[0,0,0,0,0,0,1,0,0,0],[1,0,0,0,-1,-1,0,0,0,0],[0,1,0,0,0,0,0,0,0,-1],[1,1,0,-1,0,0,0,1,1,1],[0,0,1,0,0,0,0,0,1,0],[0,0,1,-1,-1,-1,1,-1,0,0],[0,0,0,0,0,0,0,0,1,1],[0,0,0,1,0,0,0,0,-1,0],[0,0,0,0,1,0,0,0,0,0],[0,0,0,0,0,1,0,-1,0,0]]
U131= [[0,0,0,0,0,0,-1,0,0,0],[1,1,-1,0,0,0,1,0,0,0],[0,0,1,0,0,0,0,0,0,0],[0,1,0,0,-1,-1,0,0,1,1],[0,0,0,1,0,0,0,0,0,0],[1,0,0,1,-1,-1,0,0,1,1],[0,0,0,0,1,0,0,0,0,0],[0,0,0,0,0,1,0,0,1,1],[0,0,0,0,0,0,0,-1,-1,1],[0,0,0,0,0,0,0,1,0,0]]
U132= [[0,0,0,0,0,0,-1,0,-1,0],[1,1,-1,0,0,0,1,0,0,0],[0,0,1,0,0,0,0,0,0,0],[0,1,0,0,-1,-1,0,0,0,0],[0,0,0,1,0,0,0,0,0,0],[1,0,0,1,-1,-1,0,0,1,0],[0,0,0,0,1,0,0,0,1,0],[0,0,0,0,0,1,0,0,0,0],[0,0,0,0,0,0,1,-1,0,1],[0,0,0,0,0,0,0,1,0,1]]
U133= [[1,0,0,0,0,0,0,0,0,0],[0,1,0,0,0,0,0,0,-1,0],[0,0,1,0,0,0,0,0,0,0],[1,1,1,0,-1,-1,1,1,1,-1],[0,0,0,1,0,0,0,0,0,0],[0,0,0,1,-1,-1,-1,-1,0,1],[0,0,0,0,1,0,0,0,1,0],[0,0,0,0,0,1,0,0,0,0],[0,0,0,0,0,0,1,0,0,0],[0,0,0,0,0,0,0,1,0,1]]
U134= [[0,0,0,0,0,0,0,1,0,0],[1,0,0,0,0,-1,-1,0,0,-1],[0,1,0,0,0,0,0,0,0,-1],[1,1,0,-1,-1,0,0,0,1,0],[0,0,1,0,0,0,0,0,0,0],[0,0,1,-1,-1,-1,-1,1,-1,0],[0,0,0,1,0,0,0,0,0,0],[0,0,0,0,1,0,0,0,0,1],[0,0,0,0,0,1,0,0,0,0],[0,0,0,0,0,0,1,0,-1,0]]
U135= [[0,0,0,0,0,0,0,-1,0,0],[1,1,-1,0,0,0,0,0,0,0],[0,0,1,0,0,0,0,0,0,0],[0,1,0,0,-1,-1,-1,0,-1,1],[0,0,0,1,0,0,0,0,0,0],[1,0,0,1,-1,-1,-1,1,-1,1],[0,0,0,0,1,0,0,1,0,0],[0,0,0,0,0,1,0,0,-1,1],[0,0,0,0,0,0,1,0,0,0],[0,0,0,0,0,0,0,0,1,1]]
U136= [[1,0,0,0,0,0,0,0,0,0],[0,1,0,0,0,0,0,0,-1,0],[0,0,1,0,0,0,0,0,0,0],[1,1,1,0,-1,-1,-1,1,1,-1],[0,0,0,1,0,0,0,0,0,0],[0,0,0,1,-1,-1,-1,-1,0,1],[0,0,0,0,1,0,0,0,1,1],[0,0,0,0,0,1,0,0,0,0],[0,0,0,0,0,0,1,0,0,1],[0,0,0,0,0,0,0,1,0,0]]
U137= [[0,0,0,0,0,0,0,0,1,1],[1,0,0,0,0,0,-1,-1,0,0],[0,1,0,0,0,0,0,-1,0,0],[1,1,0,-1,-1,-1,0,0,0,0],[0,0,1,0,0,0,0,0,0,0],[0,0,1,-1,-1,-1,-1,0,-1,1],[0,0,0,1,0,0,0,0,0,0],[0,0,0,0,1,0,0,1,-1,0],[0,0,0,0,0,1,0,0,0,0],[0,0,0,0,0,0,1,0,0,0]]
U138= [[1,0,0,0,0,0,0,0,0,0],[0,1,0,0,0,0,0,0,-1,0],[0,0,1,0,0,0,0,0,0,0],[1,1,1,0,-1,-1,-1,-1,1,-1],[0,0,0,1,0,0,0,0,0,0],[0,0,0,1,-1,-1,-1,-1,0,1],[0,0,0,0,1,0,0,0,1,1],[0,0,0,0,0,1,0,0,0,0],[0,0,0,0,0,0,1,0,0,1],[0,0,0,0,0,0,0,1,0,0]]
U139= [[0,0,0,0,0,0,0,0,1,1],[1,0,0,0,0,0,0,-1,0,0],[0,1,0,0,0,0,0,-1,0,0],[1,1,0,-1,-1,-1,-1,0,0,0],[0,0,1,0,0,0,0,0,0,0],[0,0,1,-1,-1,-1,-1,0,1,-1],[0,0,0,1,0,0,0,0,0,0],[0,0,0,0,1,0,0,1,0,-1],[0,0,0,0,0,1,0,0,0,0],[0,0,0,0,0,0,1,0,0,0]]
U140= [[1,0,0,0,0,0,0,0,0,0],[0,1,0,-1,0,0,0,0,0,0],[0,0,1,0,0,0,0,0,0,0],[1,1,1,1,-1,-1,-1,-1,1,-1],[0,0,0,1,0,0,0,0,-1,0],[0,0,0,1,-1,-1,-1,-1,0,1],[0,0,0,0,1,0,0,0,1,1],[0,0,0,0,0,1,0,0,0,0],[0,0,0,0,0,0,1,0,0,0],[0,0,0,0,0,0,0,1,0,0]]
U141= [[0,0,0,0,0,0,0,0,1,-1],[1,0,0,0,0,0,0,1,0,-1],[0,1,0,0,0,0,0,0,0,0],[1,1,0,-1,-1,-1,-1,0,1,0],[0,0,1,0,0,0,0,0,0,0],[0,0,1,-1,-1,-1,-1,1,0,0],[0,0,0,1,0,0,0,1,1,1],[0,0,0,0,1,0,0,0,0,0],[0,0,0,0,0,1,0,0,0,0],[0,0,0,0,0,0,1,0,0,0]]
U142= [[-1,-1,-1,-1,0,1,1,1,-1,-1],[0,0,0,0,1,1,0,0,0,0],[0,0,0,0,1,0,1,1,-1,0],[-1,0,0,0,0,0,0,0,0,0],[0,-1,0,0,0,0,0,0,0,1],[0,0,-1,0,0,0,0,0,0,0],[0,0,0,1,0,0,0,0,0,0],[0,0,0,0,0,1,0,0,0,1],[0,0,0,0,0,0,1,0,0,0],[0,0,0,0,0,0,0,1,1,0]]
U143= [[0,0,-1,-1,1,1,0,1,1,0],[0,0,0,0,0,0,1,0,0,0],[-1,0,0,0,0,0,1,0,-1,1],[1,1,0,0,1,1,0,1,0,0],[0,-1,0,0,0,0,0,0,0,1],[0,0,-1,0,0,0,0,0,0,0],[0,0,0,1,0,0,0,0,0,0],[0,0,0,0,0,0,0,0,1,1],[0,0,0,0,1,0,0,0,0,0],[0,0,0,0,0,1,0,-1,0,0]]
U144= [[-1,-1,-1,1,0,0,1,0,0,0],[0,0,0,0,1,0,0,0,0,0],[0,0,0,1,0,0,0,0,0,0],[-1,0,0,0,1,-1,0,0,1,0],[0,-1,0,0,0,-1,0,0,0,0],[0,0,-1,0,0,0,0,0,0,0],[0,0,0,0,0,0,-1,0,-1,0],[0,0,0,0,0,1,0,0,1,0],[0,0,0,0,0,0,1,-1,0,1],[0,0,0,0,0,0,0,1,0,1]]
U145= [[-1,-1,-1,-1,0,1,1,1,-1,1],[0,0,0,0,1,1,1,0,0,-1],[0,0,0,0,1,0,0,1,0,0],[-1,0,0,0,0,0,0,0,0,0],[0,-1,0,0,0,0,0,0,1,0],[0,0,-1,0,0,0,0,0,0,0],[0,0,0,1,0,0,0,0,0,0],[0,0,0,0,0,1,0,0,1,0],[0,0,0,0,0,0,1,0,0,0],[0,0,0,0,0,0,0,1,0,-1]]
U146= [[0,0,-1,-1,0,1,1,1,0,1],[0,0,0,0,1,0,0,0,-1,0],[-1,0,0,0,1,-1,-1,0,0,0],[1,1,0,0,0,0,0,1,1,1],[0,-1,0,0,0,0,0,0,0,0],[0,0,-1,0,0,0,0,0,0,0],[0,0,0,1,0,0,0,0,0,0],[0,0,0,0,0,1,0,0,0,0],[0,0,0,0,0,0,1,0,1,0],[0,0,0,0,0,0,0,1,0,-1]]
U147= [[-1,-1,-1,1,0,0,0,1,0,0],[0,0,0,0,1,0,0,0,0,0],[0,0,0,1,0,0,0,0,0,0],[-1,0,0,0,1,-1,-1,0,1,1],[0,-1,0,0,0,-1,-1,0,0,1],[0,0,-1,0,0,0,0,0,0,0],[0,0,0,0,0,0,0,-1,-1,0],[0,0,0,0,0,1,0,0,1,0],[0,0,0,0,0,0,1,0,0,1],[0,0,0,0,0,0,0,1,0,1]]
U148= [[-1,-1,-1,-1,0,1,1,1,-1,1],[0,0,0,0,1,1,1,1,0,0],[0,0,0,0,1,0,0,0,0,1],[-1,0,0,0,0,0,0,0,0,0],[0,-1,0,0,0,0,0,0,1,0],[0,0,-1,0,0,0,0,0,0,0],[0,0,0,1,0,0,0,0,0,0],[0,0,0,0,0,1,0,0,1,1],[0,0,0,0,0,0,1,0,0,0],[0,0,0,0,0,0,0,1,0,1]]
U149= [[0,0,-1,-1,0,1,1,1,0,1],[0,0,0,0,1,0,0,0,-1,0],[-1,0,0,0,1,-1,-1,-1,0,0],[1,1,0,0,0,0,0,0,1,0],[0,-1,0,0,0,0,0,0,0,0],[0,0,-1,0,0,0,0,0,0,0],[0,0,0,1,0,0,0,0,0,1],[0,0,0,0,0,1,0,0,0,0],[0,0,0,0,0,0,1,0,1,-1],[0,0,0,0,0,0,0,1,0,0]]
U150= [[0,-1,-1,-1,1,-1,-1,1,1,1],[0,0,0,0,-1,0,0,0,0,0],[1,0,0,0,0,0,0,0,0,0],[-1,0,0,0,0,0,0,-1,1,-1],[0,1,0,0,0,0,0,0,0,0],[0,0,1,0,0,0,-1,0,0,0],[0,0,0,1,0,0,0,0,0,0],[0,0,0,0,0,1,0,0,0,0],[0,0,0,0,0,0,1,0,1,0],[0,0,0,0,0,0,0,1,0,-1]]
U151= [[0,0,-1,-1,1,-1,-1,1,-1,1],[0,0,0,0,-1,0,-1,0,0,0],[1,0,0,0,0,0,0,0,0,0],[-1,-1,0,0,0,0,0,-1,1,1],[0,1,0,0,0,0,0,0,0,0],[0,0,1,0,0,0,0,0,0,0],[0,0,0,1,0,0,0,0,0,0],[0,0,0,0,0,1,0,0,0,0],[0,0,0,0,0,0,1,0,0,1],[0,0,0,0,0,0,0,1,1,0]]
U152= [[0,0,0,-1,1,-1,-1,1,-1,1],[0,0,0,0,-1,0,0,0,0,0],[1,0,0,0,0,0,0,0,0,0],[-1,-1,-1,0,0,0,0,-1,1,1],[0,1,0,0,0,0,0,0,0,0],[0,0,1,0,0,0,0,0,0,0],[0,0,0,1,0,0,0,0,0,0],[0,0,0,0,0,1,-1,0,0,0],[0,0,0,0,0,0,1,0,0,1],[0,0,0,0,0,0,0,1,1,0]]
U153= [[0,0,-1,-1,1,-1,-1,-1,1,1],[0,0,0,0,-1,0,-1,-1,0,1],[1,0,0,0,0,0,0,0,0,0],[-1,-1,0,0,0,0,0,0,1,-1],[0,1,0,0,0,0,0,0,0,-1],[0,0,1,0,0,0,0,0,0,0],[0,0,0,1,0,0,0,0,0,0],[0,0,0,0,0,1,0,0,0,0],[0,0,0,0,0,0,1,0,1,0],[0,0,0,0,0,0,0,1,0,0]]
U154= [[0,0,0,-1,-1,1,-1,1,-1,1],[0,0,0,0,0,-1,0,0,0,1],[1,0,0,0,0,0,0,0,0,0],[-1,-1,-1,0,0,0,0,-1,1,1],[0,1,0,0,0,0,0,0,0,0],[0,0,1,0,0,0,0,0,0,0],[0,0,0,1,0,0,0,0,0,0],[0,0,0,0,1,0,0,0,0,0],[0,0,0,0,0,0,1,0,0,1],[0,0,0,0,0,0,0,1,1,0]]
U155= [[0,0,-1,-1,-1,1,-1,-1,1,1],[0,0,0,0,0,-1,0,0,0,0],[1,0,0,0,0,0,0,0,0,0],[-1,-1,0,0,0,0,0,0,1,-1],[0,1,0,0,0,0,0,0,0,-1],[0,0,1,0,0,0,0,0,0,0],[0,0,0,1,0,0,0,-1,0,1],[0,0,0,0,1,0,0,0,0,0],[0,0,0,0,0,0,1,0,0,0],[0,0,0,0,0,0,0,1,1,0]]
U156= [[0,0,0,-1,-1,1,-1,-1,1,1],[0,0,0,0,0,-1,0,-1,0,1],[1,0,0,0,0,0,0,0,0,0],[-1,-1,-1,0,0,0,0,0,1,-1],[0,1,0,0,0,0,0,0,0,-1],[0,0,1,0,0,0,0,0,0,0],[0,0,0,1,0,0,0,0,0,0],[0,0,0,0,1,0,0,0,0,0],[0,0,0,0,0,0,1,0,0,0],[0,0,0,0,0,0,0,1,1,0]]
U157= [[0,0,0,0,-1,-1,1,-1,-1,0],[0,0,0,0,0,0,-1,0,0,1],[1,0,0,0,0,0,0,0,0,0],[-1,-1,-1,-1,0,0,0,0,1,1],[0,1,0,0,0,0,0,0,1,0],[0,0,1,0,0,0,0,0,0,0],[0,0,0,1,0,0,0,0,0,0],[0,0,0,0,1,0,0,0,0,1],[0,0,0,0,0,1,0,0,-1,0],[0,0,0,0,0,0,0,1,0,1]]
U158= [[0,0,0,0,1,0,0,0,0,1],[0,0,0,-1,1,0,0,0,0,0],[0,0,1,0,0,0,0,0,0,0],[0,1,0,0,0,-1,0,0,0,-1],[0,-1,-1,1,1,0,1,1,1,0],[-1,0,0,0,0,-1,-1,-1,-1,0],[1,0,0,0,0,-1,0,0,0,0],[0,0,0,0,0,0,1,0,0,0],[0,0,0,0,0,0,0,1,0,1],[0,0,0,0,0,0,0,0,1,0]]
U159= [[0,0,0,1,0,0,0,1,0,1],[0,0,-1,1,0,0,0,0,0,0],[0,1,1,0,1,1,1,0,0,0],[0,-1,0,1,0,0,0,0,0,0],[1,0,0,0,0,0,0,-1,-1,0],[-1,0,0,0,-1,-1,-1,0,0,1],[0,0,0,0,0,0,0,0,1,1],[0,0,0,0,1,0,0,0,-1,0],[0,0,0,0,0,1,0,0,0,0],[0,0,0,0,0,0,1,0,0,0]]
U160= [[0,0,0,0,0,0,0,1,0,0],[0,0,0,-1,0,0,0,0,1,1],[0,0,0,1,1,1,1,0,1,0],[0,0,1,0,0,0,0,0,0,0],[0,1,0,0,0,0,0,0,0,0],[-1,-1,-1,0,-1,-1,-1,0,0,-1],[1,0,0,0,0,0,0,-1,1,0],[0,0,0,0,1,0,0,0,0,0],[0,0,0,0,0,1,0,0,0,-1],[0,0,0,0,0,0,1,0,0,-1]]
U161= [[0,0,0,0,0,0,0,1,0,0],[0,0,-1,0,0,0,0,0,1,-1],[0,0,1,1,1,1,0,0,0,0],[0,1,0,0,0,0,0,0,1,0],[1,0,0,0,0,0,-1,-1,1,0],[-1,-1,0,-1,-1,-1,0,0,0,0],[0,0,0,0,0,0,1,0,0,1],[0,0,0,1,0,0,-1,-1,0,0],[0,0,0,0,1,0,0,0,0,1],[0,0,0,0,0,1,0,0,0,0]]
U162= [[0,0,0,0,0,0,0,0,-1,0],[0,0,-1,0,0,0,0,0,0,0],[0,0,1,0,1,0,0,-1,1,1],[0,1,0,1,0,0,0,0,0,0],[0,-1,0,0,-1,0,0,0,0,1],[-1,0,0,-1,0,0,0,1,0,1],[1,0,0,0,0,0,0,0,0,0],[0,0,0,1,1,-1,-1,1,0,0],[0,0,0,0,0,1,0,0,0,0],[0,0,0,0,0,0,1,0,0,0]]
U163= [[0,0,0,0,0,0,0,1,0,1],[0,0,0,0,1,0,0,0,-1,-1],[0,0,0,1,0,0,0,0,0,0],[0,0,1,0,0,0,0,0,0,0],[0,1,0,0,0,0,0,0,-1,0],[-1,-1,-1,-1,-1,0,0,0,0,0],[1,0,0,0,0,0,0,-1,-1,0],[0,0,0,0,1,-1,-1,-1,0,0],[0,0,0,0,0,1,0,0,0,1],[0,0,0,0,0,0,1,0,0,0]]
U164= [[0,0,0,0,0,0,0,0,-1,0],[0,0,0,0,0,0,-1,-1,0,0],[0,0,1,0,0,0,0,0,0,1],[0,1,0,1,1,1,0,0,1,1],[0,-1,-1,0,0,0,1,0,0,0],[-1,0,0,-1,-1,-1,0,1,0,1],[1,0,0,0,0,0,0,0,0,0],[0,0,0,1,0,0,-1,0,0,0],[0,0,0,0,1,0,0,1,0,0],[0,0,0,0,0,1,0,0,0,0]]
U165= [[0,0,0,0,0,0,0,1,-1,-1],[0,0,0,-1,0,0,0,0,0,0],[0,0,1,0,0,0,0,0,0,0],[0,1,0,1,1,1,1,0,0,1],[0,-1,-1,0,0,0,0,1,0,0],[-1,0,0,0,-1,-1,-1,1,0,0],[1,0,0,0,0,0,0,0,1,0],[0,0,0,0,1,0,0,0,0,-1],[0,0,0,0,0,1,0,0,0,0],[0,0,0,0,0,0,1,0,0,-1]]
U166= [[0,0,0,0,0,0,0,1,-1,-1],[0,0,0,-1,0,0,0,0,0,0],[0,0,1,0,1,1,1,0,0,0],[0,0,-1,1,0,0,0,1,0,1],[1,0,0,0,-1,-1,-1,1,0,0],[0,-1,0,0,0,0,0,0,0,0],[-1,1,0,0,0,0,0,0,1,0],[0,0,0,0,1,0,0,0,1,-1],[0,0,0,0,0,1,0,0,0,0],[0,0,0,0,0,0,1,0,0,0]]
U167= [[0,0,1,0,1,0,0,0,0,1],[0,0,1,-1,0,-1,1,1,1,0],[0,1,0,0,0,0,0,0,0,0],[1,0,0,0,0,0,0,0,0,-1],[-1,-1,1,0,0,0,-1,-1,-1,0],[0,0,0,1,0,0,0,0,0,0],[0,0,0,0,-1,1,0,0,0,0],[0,0,0,0,0,0,1,0,0,0],[0,0,0,0,0,0,0,1,0,-1],[0,0,0,0,0,0,0,0,1,-1]]
U168= [[0,0,-1,-1,-1,-1,1,1,0,0],[1,0,0,0,0,0,0,0,0,0],[-1,-1,0,0,0,0,-1,-1,1,0],[0,1,0,0,0,0,0,0,1,0],[0,0,1,0,0,0,0,0,1,1],[0,0,0,1,0,0,0,0,0,0],[0,0,0,0,1,0,0,0,0,1],[0,0,0,0,0,1,0,0,0,1],[0,0,0,0,0,0,1,0,0,0],[0,0,0,0,0,0,0,1,0,-1]]
U169= [[0,-1,-1,-1,-1,1,1,0,0,1],[0,0,0,0,0,0,0,1,0,-1],[-1,0,0,0,0,-1,-1,0,1,0],[1,0,0,0,0,0,0,-1,1,0],[0,1,0,0,0,0,0,0,1,0],[0,0,1,0,0,0,0,0,0,0],[0,0,0,1,0,0,0,0,0,0],[0,0,0,0,1,0,0,0,0,0],[0,0,0,0,0,1,0,-1,0,-1],[0,0,0,0,0,0,1,0,0,0]]
U170= [[0,-1,-1,-1,-1,1,0,0,0,-1],[1,0,0,0,0,0,1,1,0,0],[-1,0,0,0,0,1,0,0,-1,0],[0,0,0,0,0,0,0,0,1,1],[0,1,0,0,0,0,-1,-1,0,0],[0,0,1,0,0,1,0,0,0,0],[0,0,0,1,0,0,0,0,0,0],[0,0,0,0,1,0,0,0,0,0],[0,0,0,0,0,0,1,0,1,-1],[0,0,0,0,0,0,0,1,0,0]]
U171= [[0,0,-1,-1,-1,1,1,0,0,1],[0,0,0,0,0,0,0,1,0,-1],[-1,-1,0,0,0,-1,-1,0,1,0],[1,0,0,0,0,0,0,-1,0,0],[0,1,0,0,0,0,0,0,1,0],[0,0,1,0,0,0,0,0,1,0],[0,0,0,1,0,0,0,0,0,0],[0,0,0,0,1,0,0,0,0,0],[0,0,0,0,0,1,0,-1,0,-1],[0,0,0,0,0,0,1,0,0,0]]
U172= [[0,0,-1,-1,-1,0,0,0,1,0],[1,0,0,0,0,0,0,0,0,0],[-1,0,0,0,0,0,-1,0,1,-1],[0,-1,0,0,0,0,1,0,0,0],[0,1,0,0,0,-1,0,-1,0,0],[0,0,1,0,0,1,0,1,0,1],[0,0,0,1,0,0,0,0,1,0],[0,0,0,0,1,0,0,0,0,0],[0,0,0,0,0,1,1,0,0,-1],[0,0,0,0,0,0,0,1,0,0]]
U173= [[0,0,-1,-1,-1,1,1,0,0,1],[0,0,0,0,0,0,0,0,1,-1],[-1,-1,0,0,0,-1,-1,1,0,0],[1,0,0,0,0,0,0,0,-1,0],[0,1,0,0,0,0,0,0,0,0],[0,0,1,0,0,0,0,1,0,0],[0,0,0,1,0,0,0,0,0,0],[0,0,0,0,1,0,0,1,0,0],[0,0,0,0,0,1,0,0,-1,-1],[0,0,0,0,0,0,1,0,0,0]]
U174= [[0,0,0,-1,-1,-1,0,0,1,0],[1,0,0,0,0,0,0,0,0,0],[-1,0,0,0,0,-1,0,0,0,-1],[0,-1,0,0,0,1,-1,-1,1,0],[0,1,-1,0,0,0,0,0,0,0],[0,0,1,0,0,1,0,0,1,0],[0,0,0,1,0,0,1,1,0,1],[0,0,0,0,1,0,0,0,0,0],[0,0,0,0,0,0,1,0,0,-1],[0,0,0,0,0,0,0,1,0,0]]
U175= [[0,0,-1,-1,-1,-1,1,0,0,1],[1,0,0,0,0,0,0,0,0,0],[-1,0,0,0,0,0,0,1,0,-1],[0,-1,0,0,0,0,-1,0,-1,0],[0,1,0,0,0,0,0,0,-1,0],[0,0,1,0,0,0,0,1,-1,0],[0,0,0,1,0,0,0,0,0,0],[0,0,0,0,1,0,0,1,0,0],[0,0,0,0,0,1,0,0,0,0],[0,0,0,0,0,0,1,0,0,-1]]
U176= [[0,0,0,-1,-1,-1,1,0,0,1],[0,0,0,0,0,0,0,0,1,-1],[-1,-1,-1,0,0,0,-1,1,0,0],[1,0,0,0,0,0,0,0,0,0],[0,1,0,0,0,0,0,1,0,0],[0,0,1,0,0,0,0,0,0,0],[0,0,0,1,0,0,0,1,1,0],[0,0,0,0,1,0,0,0,1,0],[0,0,0,0,0,1,0,0,0,0],[0,0,0,0,0,0,1,0,0,-1]]
U177= [[0,0,0,-1,-1,-1,1,1,0,1],[1,0,0,0,0,0,1,0,0,0],[-1,0,0,0,0,0,0,0,1,-1],[0,-1,-1,0,0,0,0,-1,0,-1],[0,1,0,0,0,0,-1,0,0,0],[0,0,1,0,0,0,-1,0,0,0],[0,0,0,1,0,0,0,0,1,0],[0,0,0,0,1,0,0,0,0,1],[0,0,0,0,0,1,0,0,1,0],[0,0,0,0,0,0,0,1,0,0]]
U178= [[0,0,0,-1,-1,-1,0,1,0,0],[-1,1,0,0,0,0,0,0,0,0],[0,-1,0,0,0,0,0,0,0,0],[1,0,0,0,0,0,0,1,-1,-1],[0,0,-1,0,0,0,0,0,1,0],[0,0,1,0,0,0,-1,0,0,0],[0,0,0,1,0,0,1,0,0,1],[0,0,0,0,1,0,0,1,0,0],[0,0,0,0,0,1,0,0,0,0],[0,0,0,0,0,0,1,0,1,-1]]
U179= [[0,0,0,-1,-1,-1,-1,0,0,1],[1,0,0,0,0,0,0,0,0,0],[-1,0,0,0,0,0,0,1,0,-1],[0,-1,-1,0,0,0,0,0,0,0],[0,1,0,0,0,0,0,0,-1,-1],[0,0,1,0,0,0,0,0,-1,0],[0,0,0,1,0,0,0,1,-1,0],[0,0,0,0,1,0,0,0,0,0],[0,0,0,0,0,1,0,1,0,1],[0,0,0,0,0,0,1,0,0,0]]
U180= [[0,0,0,0,1,-1,-1,-1,0,1],[-1,1,0,0,0,0,0,0,0,-1],[0,-1,0,0,0,0,0,0,0,0],[1,0,0,0,1,0,0,0,0,0],[0,0,-1,-1,0,0,0,0,1,-1],[0,0,1,0,-1,0,0,0,0,0],[0,0,0,1,-1,0,0,0,1,0],[0,0,0,0,0,1,0,0,0,1],[0,0,0,0,0,0,1,0,1,0],[0,0,0,0,0,0,0,1,0,0]]
U181= [[0,-1,-1,0,0,0,1,1,-1,0],[-1,0,0,0,0,0,-1,-1,1,1],[1,0,0,0,0,0,0,0,0,0],[0,1,0,-1,0,0,0,0,0,0],[0,0,1,-1,0,0,0,0,0,0],[0,0,0,0,1,0,0,0,0,0],[0,0,0,0,0,1,0,0,0,1],[0,0,0,1,-1,-1,0,0,0,1],[0,0,0,0,0,0,1,0,0,0],[0,0,0,0,0,0,0,1,1,0]]
U182= [[-1,-1,-1,-1,0,0,0,1,1,-1],[0,0,0,-1,0,0,0,-1,-1,1],[1,0,0,0,0,0,1,0,0,0],[0,1,0,0,0,0,1,0,0,0],[0,0,1,0,0,0,1,0,0,0],[0,0,0,0,1,0,1,0,0,0],[0,0,0,0,0,1,0,0,0,0],[0,0,0,1,-1,-1,0,0,0,0],[0,0,0,0,0,0,0,1,0,0],[0,0,0,0,0,0,0,0,1,1]]
U183= [[0,-1,-1,-1,-1,-1,1,1,-1,0],[-1,0,0,-1,-1,-1,-1,-1,1,1],[1,0,0,0,0,0,0,0,0,0],[0,1,0,0,0,0,0,0,0,0],[0,0,1,0,0,0,0,0,0,0],[0,0,0,0,1,0,0,0,0,0],[0,0,0,0,0,1,0,0,0,1],[0,0,0,1,0,0,0,0,0,1],[0,0,0,0,0,0,1,0,0,0],[0,0,0,0,0,0,0,1,1,0]]
U184= [[-1,-1,-1,1,-1,0,-1,1,1,-1],[0,0,0,0,0,0,-1,-1,-1,1],[1,0,0,0,0,0,0,0,0,0],[0,1,0,0,0,0,0,0,0,0],[0,0,1,0,-1,0,0,0,0,0],[0,0,0,1,0,0,1,0,0,0],[0,0,0,1,0,1,0,0,0,0],[0,0,0,0,1,-1,0,0,0,0],[0,0,0,0,0,0,0,1,0,0],[0,0,0,0,0,0,0,0,1,1]]
U185= [[0,-1,-1,1,0,0,0,1,1,-1],[-1,0,0,0,0,-1,0,-1,-1,1],[1,0,0,0,0,0,0,0,0,0],[0,1,0,0,-1,-1,0,0,0,0],[0,0,1,0,-1,0,0,0,0,0],[0,0,0,1,0,1,0,0,0,0],[0,0,0,1,0,0,1,0,0,0],[0,0,0,0,1,0,-1,0,0,0],[0,0,0,0,0,0,0,1,0,1],[0,0,0,0,0,0,0,0,1,0]]
U186= [[0,-1,-1,0,0,0,1,1,-1,0],[-1,0,0,0,-1,0,-1,-1,1,1],[1,0,0,0,0,0,0,0,0,0],[0,1,0,-1,-1,0,0,0,0,0],[0,0,1,-1,0,0,0,0,0,0],[0,0,0,0,1,0,0,0,0,1],[0,0,0,0,0,1,0,0,0,0],[0,0,0,1,0,-1,0,0,0,1],[0,0,0,0,0,0,1,0,1,0],[0,0,0,0,0,0,0,1,0,0]]
U187= [[-1,-1,-1,1,0,-1,0,1,1,-1],[0,0,0,0,0,-1,-1,-1,-1,1],[1,0,0,0,0,0,0,0,0,0],[0,1,0,0,0,0,0,0,0,0],[0,0,1,0,0,0,0,0,0,0],[0,0,0,1,0,0,0,0,0,0],[0,0,0,1,1,1,-1,0,0,0],[0,0,0,0,-1,0,-1,0,0,0],[0,0,0,0,0,0,0,1,0,1],[0,0,0,0,0,0,0,0,1,0]]
U188= [[-1,-1,-1,-1,0,0,1,1,1,-1],[0,0,0,-1,0,0,-1,-1,-1,1],[1,0,0,0,-1,0,0,0,0,0],[0,1,0,0,0,0,0,0,0,0],[0,0,1,0,0,0,0,0,0,0],[0,0,0,0,0,0,1,0,0,0],[0,0,0,0,-1,1,-1,0,0,0],[0,0,0,1,-1,-1,0,0,0,0],[0,0,0,0,0,0,0,1,0,1],[0,0,0,0,0,0,0,0,1,0]]
U189= [[0,-1,-1,1,-1,0,0,1,1,-1],[-1,0,0,0,-1,0,-1,-1,-1,1],[1,0,0,0,0,0,0,0,0,0],[0,1,0,0,0,0,0,0,0,0],[0,0,1,0,0,0,0,0,0,0],[0,0,0,1,0,0,0,0,0,0],[0,0,0,1,0,1,-1,0,0,0],[0,0,0,0,1,-1,-1,0,0,0],[0,0,0,0,0,0,0,1,0,1],[0,0,0,0,0,0,0,0,1,0]]
U190= [[0,-1,-1,-1,-1,0,1,1,1,-1],[-1,0,0,-1,-1,0,-1,-1,-1,1],[1,0,0,0,0,0,0,0,0,0],[0,1,0,0,0,-1,0,0,0,0],[0,0,1,0,0,0,0,0,0,0],[0,0,0,0,0,0,1,0,0,0],[0,0,0,0,1,-1,0,0,0,0],[0,0,0,1,0,-1,-1,0,0,0],[0,0,0,0,0,0,0,1,0,1],[0,0,0,0,0,0,0,0,1,0]]
U191= [[0,0,-1,-1,-1,-1,1,-1,1,-1],[-1,-1,0,-1,0,0,0,0,-1,1],[1,0,0,0,0,0,0,0,0,0],[0,1,0,0,0,0,0,0,0,0],[0,0,1,0,0,0,0,0,0,0],[0,0,0,0,1,0,0,-1,0,0],[0,0,0,0,0,1,0,0,0,0],[0,0,0,1,0,0,1,0,0,0],[0,0,0,0,0,0,1,1,0,0],[0,0,0,0,0,0,0,0,1,1]]
U192= [[0,0,-1,-1,-1,-1,-1,1,-1,0],[-1,-1,-1,0,0,0,0,-1,1,1],[1,0,0,0,0,0,0,0,0,0],[0,1,0,0,0,0,0,0,0,0],[0,0,0,1,0,0,0,0,0,0],[0,0,0,0,1,0,-1,0,0,0],[0,0,0,0,0,1,0,0,0,0],[0,0,1,0,0,0,0,0,0,1],[0,0,0,0,0,0,1,0,0,1],[0,0,0,0,0,0,0,1,1,0]]
U193= [[0,-1,1,-1,-1,-1,-1,-1,1,-1],[-1,0,0,-1,-1,0,0,0,-1,1],[1,0,0,0,0,0,0,0,0,0],[0,1,0,0,0,0,0,0,0,0],[0,0,0,0,0,1,0,0,0,0],[0,0,0,0,0,0,1,0,0,0],[0,0,0,0,0,0,0,1,0,0],[0,0,1,1,0,0,0,0,0,0],[0,0,1,0,1,0,0,0,0,0],[0,0,0,0,0,0,0,0,1,1]]
U194= [[0,0,1,-1,0,-1,-1,-1,1,-1],[-1,-1,0,-1,0,0,0,0,-1,1],[1,0,0,0,0,0,0,0,0,0],[0,1,0,0,0,0,0,0,0,0],[0,0,0,0,0,1,0,0,0,0],[0,0,0,0,0,0,1,0,0,0],[0,0,0,0,0,0,0,1,0,0],[0,0,1,1,-1,0,0,0,0,0],[0,0,1,0,1,0,0,0,0,0],[0,0,0,0,0,0,0,0,1,1]]
U195= [[0,-1,-1,-1,1,-1,-1,-1,1,-1],[-1,0,0,0,0,-1,-1,-1,-1,1],[1,0,0,0,0,0,0,0,0,0],[0,1,0,0,0,0,0,0,0,0],[0,0,1,0,0,0,0,0,0,0],[0,0,0,1,0,0,0,0,0,0],[0,0,0,0,1,0,1,0,0,0],[0,0,0,0,1,0,0,1,0,0],[0,0,0,0,0,1,0,0,0,0],[0,0,0,0,0,0,0,0,1,1]]
U196= [[0,-1,-1,-1,1,-1,-1,0,1,-1],[-1,0,0,0,0,0,-1,0,-1,1],[1,0,0,0,0,0,0,0,0,0],[0,1,0,0,0,0,0,0,0,0],[0,0,1,0,0,0,0,0,0,0],[0,0,0,1,0,-1,0,0,0,0],[0,0,0,0,1,0,1,0,0,0],[0,0,0,0,1,0,0,1,0,0],[0,0,0,0,0,1,0,-1,0,0],[0,0,0,0,0,0,0,0,1,1]]
U197= [[0,0,-1,-1,0,1,0,0,1,-1],[-1,-1,0,0,-1,0,0,0,-1,1],[1,0,0,0,0,0,0,0,0,0],[0,1,0,0,0,0,0,0,0,0],[0,0,1,0,-1,0,-1,0,0,0],[0,0,0,1,0,0,-1,0,0,0],[0,0,0,0,1,1,0,0,0,0],[0,0,0,0,0,1,0,1,0,0],[0,0,0,0,0,0,1,-1,0,0],[0,0,0,0,0,0,0,0,1,1]]
U198= [[-1,-1,-1,-1,1,0,-1,0,1,-1],[0,0,0,0,0,0,-1,-1,-1,1],[1,0,0,0,0,0,0,0,0,0],[0,1,0,0,0,0,0,0,0,0],[0,0,1,0,0,0,0,0,0,0],[0,0,0,1,0,0,0,0,0,0],[0,0,0,0,1,0,0,0,0,0],[0,0,0,0,1,1,1,-1,0,0],[0,0,0,0,0,-1,0,-1,0,0],[0,0,0,0,0,0,0,0,1,1]]
U199= [[0,-1,-1,-1,1,-1,-1,0,1,-1],[-1,0,0,0,0,-1,-1,-1,-1,1],[1,0,0,0,0,0,0,0,0,0],[0,1,0,0,0,0,0,0,0,0],[0,0,1,0,0,0,0,0,0,0],[0,0,0,1,0,0,0,0,0,0],[0,0,0,0,1,0,0,0,0,0],[0,0,0,0,1,0,1,-1,0,0],[0,0,0,0,0,1,0,-1,0,0],[0,0,0,0,0,0,0,0,1,1]]
U200= [[0,-1,-1,-1,-1,-1,0,1,1,-1],[-1,0,0,0,-1,-1,0,-1,-1,1],[1,0,0,0,0,0,0,0,0,0],[0,1,0,0,0,0,-1,0,0,0],[0,0,1,0,0,0,0,0,0,0],[0,0,0,1,0,0,0,0,0,0],[0,0,0,0,0,0,0,1,0,0],[0,0,0,0,0,1,-1,0,0,0],[0,0,0,0,1,0,-1,-1,0,0],[0,0,0,0,0,0,0,0,1,1]]
U201= [[0,0,-1,-1,-1,-1,1,0,1,-1],[-1,-1,0,0,-1,-1,0,-1,-1,1],[1,0,0,0,0,0,0,0,0,0],[0,1,0,0,0,0,0,-1,0,0],[0,0,1,0,0,0,0,0,0,0],[0,0,0,1,0,0,0,0,0,0],[0,0,0,0,0,0,1,1,0,0],[0,0,0,0,0,1,0,0,0,0],[0,0,0,0,1,0,1,0,0,0],[0,0,0,0,0,0,0,0,1,1]]
U202= [[-1,-1,-1,-1,0,0,0,1,1,-1],[0,0,0,-1,0,0,0,0,-1,1],[1,0,0,0,0,0,0,0,0,0],[0,1,0,0,0,0,0,1,0,0],[0,0,1,0,0,0,0,1,0,0],[0,0,0,0,1,0,0,1,0,0],[0,0,0,0,0,1,0,0,0,0],[0,0,0,0,0,0,1,0,0,0],[0,0,0,1,-1,-1,-1,0,0,0],[0,0,0,0,0,0,0,0,1,1]]
U203= [[-1,-1,-1,-1,0,-1,1,0,1,-1],[0,0,0,0,0,-1,0,0,-1,1],[1,0,0,0,0,0,0,0,0,0],[0,1,0,0,0,0,0,0,0,0],[0,0,1,-1,0,0,0,0,0,0],[0,0,0,0,0,1,1,0,0,0],[0,0,0,0,1,0,0,0,0,0],[0,0,0,0,0,0,1,1,0,0],[0,0,0,1,-1,0,0,-1,0,0],[0,0,0,0,0,0,0,0,1,1]]
U204= [[0,-1,-1,0,0,0,0,0,1,-1],[1,0,0,0,0,0,0,0,0,0],[-1,0,0,0,-1,0,1,0,-1,1],[0,1,0,-1,-1,0,0,0,0,0],[0,0,1,-1,0,0,0,0,0,0],[0,0,0,0,1,0,0,0,0,0],[0,0,0,0,0,1,0,0,0,0],[0,0,0,0,0,0,1,1,0,0],[0,0,0,1,0,-1,1,-1,0,0],[0,0,0,0,0,0,0,0,1,1]]
U205= [[-1,-1,-1,-1,0,0,1,0,1,-1],[0,0,0,-1,0,0,0,-1,-1,1],[1,0,0,0,0,0,0,0,0,0],[0,1,0,0,0,0,0,0,0,0],[0,0,1,0,0,0,0,0,0,0],[0,0,0,0,0,0,1,0,0,0],[0,0,0,0,1,0,0,-1,0,0],[0,0,0,0,0,1,0,-1,0,0],[0,0,0,1,-1,-1,1,0,0,0],[0,0,0,0,0,0,0,0,1,1]]
U206= [[0,-1,-1,-1,-1,-1,0,1,1,-1],[1,0,0,0,0,0,0,0,0,0],[-1,0,0,-1,-1,-1,-1,0,-1,1],[0,1,0,0,0,0,0,0,0,0],[0,0,1,0,0,0,0,0,0,0],[0,0,0,0,0,0,0,1,0,0],[0,0,0,0,1,0,-1,0,0,0],[0,0,0,0,0,1,-1,0,0,0],[0,0,0,1,0,0,0,1,0,0],[0,0,0,0,0,0,0,0,1,1]]
U207= [[0,0,0,-1,0,0,0,0,0,0],[1,0,0,0,0,0,0,0,0,0],[-1,-1,-1,0,0,-1,1,0,-1,1],[0,1,0,0,0,-1,0,0,0,0],[0,0,-1,1,0,0,0,0,1,-1],[0,0,0,0,0,1,0,0,0,0],[0,0,0,0,1,0,0,0,0,0],[0,0,0,0,0,0,1,1,0,0],[0,0,1,0,-1,0,1,-1,0,0],[0,0,0,0,0,0,0,0,1,1]]
U208= [[-1,-1,-1,-1,0,-1,0,1,1,-1],[0,0,0,-1,0,0,0,-1,-1,1],[1,0,0,0,0,0,0,0,0,0],[0,1,0,0,0,0,0,0,0,0],[0,0,1,0,0,0,0,0,0,0],[0,0,0,0,0,0,0,1,0,0],[0,0,0,0,1,0,0,0,0,0],[0,0,0,0,0,-1,1,-1,0,0],[0,0,0,1,-1,-1,-1,0,0,0],[0,0,0,0,0,0,0,0,1,1]]
U209= [[0,-1,-1,0,0,0,0,0,1,-1],[1,0,0,0,0,0,0,0,0,0],[-1,0,0,0,-1,-1,1,0,-1,1],[0,1,0,-1,-1,-1,0,0,0,0],[0,0,1,-1,0,0,0,0,0,0],[0,0,0,0,1,0,0,0,0,0],[0,0,0,0,0,1,1,0,0,0],[0,0,0,0,0,0,1,1,0,0],[0,0,0,1,0,0,0,-1,0,0],[0,0,0,0,0,0,0,0,1,1]]
U210= [[0,0,0,-1,0,0,0,0,0,0],[1,0,0,0,0,0,0,0,0,0],[-1,-1,-1,0,-1,0,1,0,-1,1],[0,1,0,0,-1,0,0,0,0,0],[0,0,-1,1,0,0,0,0,1,-1],[0,0,0,0,1,-1,0,0,0,0],[0,0,0,0,0,1,1,0,0,0],[0,0,0,0,0,0,1,1,0,0],[0,0,1,0,0,0,0,-1,0,0],[0,0,0,0,0,0,0,0,1,1]]
U211= [[-1,-1,-1,-1,-1,0,1,0,1,-1],[0,0,0,0,-1,0,0,0,-1,1],[1,0,0,0,0,0,0,0,0,0],[0,1,0,0,0,0,0,0,0,0],[0,0,1,-1,0,0,0,0,0,0],[0,0,0,0,1,-1,1,0,0,0],[0,0,0,0,0,1,0,0,0,0],[0,0,0,0,0,0,1,1,0,0],[0,0,0,1,0,0,0,-1,0,0],[0,0,0,0,0,0,0,0,1,1]]
U212= [[0,0,0,-1,-1,-1,-1,1,-1,0],[-1,-1,-1,0,-1,0,0,0,0,1],[1,0,0,0,0,0,0,0,0,0],[0,1,0,0,0,0,0,0,0,1],[0,0,1,0,0,0,0,0,0,0],[0,0,0,1,0,0,0,0,0,0],[0,0,0,0,0,1,0,0,-1,0],[0,0,0,0,0,0,1,0,0,0],[0,0,0,0,1,0,0,1,0,0],[0,0,0,0,0,0,0,1,1,-1]]
U213= [[0,0,-1,-1,-1,-1,-1,-1,1,-1],[-1,-1,0,-1,-1,0,0,0,1,1],[1,0,0,0,0,0,0,0,0,0],[0,1,0,0,0,0,0,0,0,1],[0,0,1,0,0,0,0,0,0,0],[0,0,0,0,0,1,0,0,1,0],[0,0,0,0,0,0,1,0,0,-1],[0,0,0,0,0,0,0,1,0,0],[0,0,0,1,0,0,0,0,0,0],[0,0,0,0,1,0,0,0,1,0]]
U214= [[0,0,-1,-1,-1,-1,-1,-1,0,-1],[-1,-1,0,0,0,-1,-1,0,1,0],[1,0,0,0,0,0,0,0,0,0],[0,1,0,0,0,0,0,0,1,0],[0,0,1,0,0,0,0,0,0,0],[0,0,0,1,0,0,0,0,0,-1],[0,0,0,0,1,0,0,0,0,0],[0,0,0,0,0,0,0,0,-1,1],[0,0,0,0,0,0,1,-1,0,0],[0,0,0,0,0,1,0,-1,0,0]]
U215= [[0,-1,-1,-1,-1,-1,-1,0,1,-1],[1,0,0,0,0,0,0,0,0,0],[-1,0,0,0,-1,-1,-1,-1,0,0],[0,1,0,0,0,0,0,0,0,0],[0,0,1,0,0,0,0,0,0,-1],[0,0,0,1,0,0,0,0,0,0],[0,0,0,0,0,0,0,0,1,1],[0,0,0,0,0,1,0,-1,0,0],[0,0,0,0,0,0,1,-1,0,0],[0,0,0,0,1,0,0,0,1,0]]
U216= [[0,0,0,0,-1,0,0,0,0,-1],[1,0,0,0,0,0,0,0,0,0],[-1,-1,-1,-1,0,-1,0,1,0,0],[0,1,0,0,0,-1,0,0,0,0],[0,0,1,0,0,0,0,0,0,0],[0,0,0,-1,1,0,0,0,0,-1],[0,0,0,0,0,1,0,0,0,1],[0,0,0,0,0,0,1,0,0,0],[0,0,0,0,0,0,0,1,1,0],[0,0,0,1,0,0,-1,1,-1,0]]
U217= [[0,0,-1,-1,0,0,0,0,0,0],[1,0,0,0,0,0,0,0,0,0],[-1,-1,0,0,-1,-1,0,1,-1,1],[0,1,0,0,0,0,0,0,0,1],[0,0,1,0,-1,-1,-1,0,0,0],[0,0,0,1,0,0,-1,0,0,0],[0,0,0,0,1,0,0,1,-1,0],[0,0,0,0,0,1,0,0,0,0],[0,0,0,0,0,0,0,1,0,0],[0,0,0,0,0,0,1,0,-1,-1]]
U218= [[0,0,0,0,-1,0,0,0,0,-1],[1,0,0,0,0,0,0,0,0,0],[-1,-1,-1,-1,0,-1,-1,1,0,0],[0,1,0,0,0,-1,-1,0,0,0],[0,0,1,0,0,0,0,0,0,0],[0,0,0,-1,1,0,0,0,0,-1],[0,0,0,0,0,1,0,1,0,1],[0,0,0,0,0,0,1,0,0,0],[0,0,0,0,0,0,0,1,1,0],[0,0,0,1,0,0,0,0,-1,0]]
U219= [[0,0,1,0,0,0,0,0,0,0],[1,0,0,0,0,0,0,0,0,0],[-1,0,0,1,-1,-1,0,-1,0,1],[0,-1,0,0,0,0,0,0,0,0],[0,1,-1,1,-1,-1,-1,1,0,0],[0,0,0,0,0,0,0,1,-1,0],[0,0,0,0,0,0,0,0,1,1],[0,0,0,0,1,0,0,0,0,0],[0,0,0,0,0,1,-1,0,0,0],[0,0,0,-1,0,0,-1,-1,0,1]]
U220= [[0,0,-1,1,0,0,0,0,0,-1],[1,0,0,0,0,0,0,0,0,0],[-1,-1,-1,0,-1,0,0,0,1,0],[0,1,0,0,-1,0,0,0,0,0],[0,0,0,-1,0,0,0,0,0,-1],[0,0,0,0,1,-1,0,0,0,1],[0,0,0,0,0,1,0,0,1,0],[0,0,0,0,0,0,1,0,0,0],[0,0,0,0,0,0,0,1,0,0],[0,0,1,0,0,0,-1,-1,1,0]]
U221= [[-1,-1,-1,-1,-1,0,0,1,0,1],[0,0,1,0,0,-1,0,0,0,1],[0,0,0,1,0,0,0,0,0,0],[0,0,0,0,1,-1,0,0,0,0],[0,-1,0,0,0,1,0,0,0,0],[0,0,0,0,0,0,1,1,0,1],[1,1,0,0,0,0,-1,0,0,0],[1,0,0,0,0,0,0,-1,1,0],[0,0,0,0,0,0,0,0,-1,0],[1,0,0,0,0,0,0,0,0,-1]]
U222= [[-1,-1,-1,-1,0,1,1,0,1,0],[1,0,0,0,0,0,0,0,0,0],[0,1,0,0,0,0,0,0,1,0],[0,0,1,0,0,0,0,0,0,0],[0,0,0,-1,1,0,0,0,-1,0],[0,0,0,1,0,1,0,0,0,0],[0,0,0,0,1,-1,0,1,0,0],[0,0,0,0,0,0,0,-1,0,0],[0,0,0,0,1,0,1,0,0,1],[0,0,0,0,0,0,1,0,0,-1]]
U223= [[0,0,0,0,0,1,0,0,0,0],[-1,-1,1,0,0,-1,0,1,-1,-1],[1,0,0,0,0,0,0,0,0,0],[0,1,0,0,0,0,0,0,-1,-1],[0,0,0,0,0,0,0,0,1,-1],[0,0,0,1,0,0,0,0,0,1],[0,0,0,0,1,0,0,0,0,0],[0,0,1,-1,-1,0,0,0,0,0],[0,0,0,0,0,0,1,1,0,0],[0,0,-1,0,0,0,-1,1,0,0]]
U224= [[0,0,0,0,0,0,1,0,0,0],[-1,-1,1,0,1,0,-1,0,1,0],[1,0,0,0,0,0,0,0,0,0],[0,1,0,0,0,0,0,0,0,0],[0,0,0,0,1,0,0,0,0,1],[0,0,0,1,0,0,0,0,0,0],[0,0,0,0,0,1,0,0,0,1],[0,0,1,-1,-1,-1,0,0,0,1],[0,0,0,0,0,0,0,1,1,0],[0,0,-1,0,0,0,0,-1,1,0]]
U225= [[-1,-1,0,0,-1,1,1,1,-1,0],[1,0,0,0,0,0,0,0,0,0],[0,1,0,0,0,0,0,1,0,0],[0,0,1,0,0,0,0,0,0,0],[0,0,0,1,0,0,0,0,0,0],[0,0,-1,-1,-1,1,0,-1,-1,1],[0,0,0,0,0,0,0,0,1,0],[0,0,0,0,1,1,1,0,0,1],[0,0,0,0,0,0,-1,0,0,0],[0,0,0,0,0,1,0,0,0,-1]]
U226= [[0,0,0,-1,0,0,0,1,0,0],[0,1,0,0,0,0,0,0,0,0],[0,0,1,0,0,0,0,0,0,0],[0,0,0,0,1,0,-1,-1,1,0],[0,0,0,0,0,1,0,0,0,0],[-1,1,1,-1,-1,-1,0,-1,0,0],[0,0,0,0,0,0,0,0,0,1],[1,-1,-1,1,0,0,-1,1,1,-1],[1,0,0,0,0,0,1,0,0,0],[1,0,0,0,0,0,0,0,-1,0]]
U227= [[-1,-1,0,1,-1,-1,1,-1,1,-1],[1,0,0,0,0,0,0,0,0,0],[0,1,0,0,0,0,0,0,0,0],[0,0,1,0,0,0,0,1,0,0],[0,0,-1,1,-1,-1,1,0,0,0],[0,0,0,0,1,0,0,0,0,0],[0,0,0,0,0,1,0,0,0,0],[0,0,0,-1,0,0,0,1,1,-1],[0,0,0,0,0,0,1,0,0,1],[0,0,0,0,0,0,1,-1,-1,0]]
U228= [[-1,-1,0,-1,0,0,0,1,1,1],[1,0,0,0,0,0,0,0,0,0],[0,1,0,0,0,0,0,0,0,1],[0,0,1,-1,1,0,1,0,0,-1],[0,0,0,0,-1,0,0,0,0,0],[0,0,0,0,0,1,1,1,0,0],[0,0,0,1,0,-1,0,0,0,0],[0,0,1,0,0,0,0,-1,0,0],[0,0,0,0,0,0,0,0,1,0],[0,0,1,0,0,0,-1,0,-1,0]]
U229= [[-1,-1,0,-1,1,-1,1,1,1,0],[1,0,0,0,0,0,0,0,0,0],[0,1,0,0,0,0,0,0,1,0],[0,0,1,0,0,0,0,0,0,0],[0,0,-1,-1,1,0,1,0,-1,0],[0,0,0,1,0,0,0,0,0,0],[0,0,0,0,1,0,-1,1,0,0],[0,0,0,0,0,0,0,-1,0,0],[0,0,0,0,1,-1,0,0,0,1],[0,0,0,0,0,-1,0,0,0,-1]]
U230= [[-1,-1,1,0,0,1,1,0,1,0],[1,0,0,0,0,0,0,0,0,0],[0,1,0,0,0,0,0,0,1,0],[0,0,1,-1,1,0,0,0,0,0],[0,0,0,1,0,0,0,0,-1,0],[0,0,-1,0,0,1,0,0,0,0],[0,0,0,0,1,-1,0,1,0,0],[0,0,0,0,0,0,0,-1,0,0],[0,0,0,0,1,0,1,0,0,1],[0,0,0,0,0,0,1,0,0,-1]]
U231= [[0,0,0,1,-1,0,0,0,1,0],[-1,1,-1,0,-1,0,0,0,-1,0],[1,0,0,0,0,0,0,0,0,0],[0,0,-1,0,0,-1,0,0,0,0],[0,0,-1,0,-1,1,0,0,0,0],[0,0,0,0,0,0,1,0,0,0],[0,0,0,0,0,0,0,1,0,0],[0,1,0,0,1,0,-1,-1,0,0],[0,0,1,1,0,0,0,0,0,1],[0,-1,0,1,0,0,0,0,0,-1]]
U232= [[-1,-1,1,0,0,1,0,0,0,1],[1,0,0,0,0,0,0,0,0,0],[0,1,0,0,0,0,0,0,0,0],[0,0,1,0,0,0,0,1,0,0],[0,0,0,1,0,0,0,1,0,0],[0,0,0,0,1,0,1,0,0,0],[0,0,-1,-1,-1,1,1,0,1,1],[0,0,0,0,0,-1,0,0,1,0],[0,0,0,0,0,0,0,0,1,-1],[0,0,0,0,0,0,1,-1,0,0]]
U233= [[-1,-1,0,0,0,1,1,1,1,0],[1,0,0,0,0,0,0,0,0,0],[0,1,0,0,0,0,0,0,1,0],[0,0,0,1,0,0,0,0,-1,0],[0,0,1,0,1,0,0,0,0,0],[0,0,1,1,-1,1,0,1,0,0],[0,0,0,0,0,-1,0,0,0,0],[0,0,0,0,0,0,0,-1,0,0],[0,0,1,0,0,0,1,0,0,1],[0,0,0,-1,0,0,1,0,0,-1]]
U234= [[0,0,0,0,0,1,0,-1,-1,1],[0,0,-1,1,-1,0,0,0,0,0],[0,0,1,0,0,0,-1,1,0,0],[0,1,0,0,0,1,0,0,0,0],[-1,-1,0,-1,1,1,-1,0,1,-1],[1,0,0,0,0,0,0,0,0,0],[0,0,0,0,0,0,-1,0,0,0],[0,0,0,0,0,0,0,1,0,0],[0,0,0,0,0,0,0,0,1,1],[0,0,0,1,1,0,0,0,0,0]]
U235= [[0,0,1,1,0,-1,-1,0,0,1],[0,0,1,0,1,0,0,1,-1,0],[0,1,0,0,0,0,0,0,0,0],[1,0,0,0,0,0,0,0,0,0],[-1,-1,1,0,0,0,1,-1,1,-1],[0,0,0,0,-1,1,0,0,0,0],[0,0,0,-1,0,0,0,0,0,0],[0,0,0,0,0,1,0,0,0,0],[0,0,0,0,0,0,1,0,0,1],[0,0,0,0,0,0,0,1,1,0]]
U236= [[0,0,1,1,0,-1,-1,0,0,0],[0,0,1,0,1,0,0,1,-1,-1],[0,1,0,0,0,0,0,0,0,0],[1,0,0,0,0,0,0,0,0,0],[-1,-1,1,0,0,1,1,-1,1,0],[0,0,0,0,-1,0,0,0,0,0],[0,0,0,-1,0,0,0,0,0,1],[0,0,0,0,0,1,0,0,0,0],[0,0,0,0,0,0,1,0,0,1],[0,0,0,0,0,0,0,1,1,0]]
U237= [[0,0,1,0,0,0,0,0,0,0],[0,0,1,1,0,-1,0,0,-1,0],[0,1,0,0,0,0,0,0,-1,0],[0,-1,1,0,1,0,0,-1,0,0],[1,0,0,0,0,0,0,0,-1,0],[-1,0,1,0,0,1,1,1,0,1],[0,0,-1,-1,-1,0,-1,0,0,-1],[0,0,0,1,0,0,0,1,0,0],[0,0,0,0,1,-1,0,0,0,0],[0,0,0,0,0,0,1,0,0,-1]]
U238= [[0,0,0,0,0,-1,0,0,-1,-1],[0,0,0,-1,0,0,0,0,0,0],[0,0,1,0,0,0,0,0,0,0],[0,0,-1,1,-1,0,1,-1,0,1],[1,0,0,0,0,0,0,0,1,0],[-1,1,0,0,1,-1,-1,1,0,0],[0,-1,0,0,0,-1,0,0,0,0],[0,0,0,0,1,0,1,0,0,0],[0,0,0,0,0,0,0,-1,0,-1],[0,0,0,0,0,0,0,1,1,0]]
U239= [[0,0,0,1,0,0,0,0,1,1],[0,0,-1,1,0,0,0,0,0,0],[0,1,1,0,1,1,0,-1,0,0],[0,-1,0,1,0,0,0,0,0,0],[1,0,0,0,0,0,0,-1,-1,-1],[-1,0,0,0,-1,-1,1,0,0,0],[0,0,0,0,0,0,-1,-1,0,0],[0,0,0,0,1,0,0,-1,0,0],[0,0,0,0,0,1,0,0,0,0],[0,0,0,0,0,0,0,0,-1,1]]
U240= [[0,0,0,0,0,0,1,0,0,-1],[0,-1,0,0,0,0,0,0,0,0],[0,1,1,0,1,-1,0,0,0,1],[0,0,0,0,-1,-1,0,0,-1,0],[1,0,0,0,0,-1,0,0,0,0],[-1,0,-1,0,-1,0,0,1,1,0],[0,0,0,0,1,0,-1,-1,0,0],[0,0,1,-1,0,0,0,0,1,-1],[0,0,0,1,0,0,0,0,0,0],[0,0,0,0,0,0,0,1,0,0]]
U241= [[0,0,0,0,0,0,0,0,-1,1],[0,0,0,1,0,0,1,-1,0,-1],[0,0,1,0,0,0,0,-1,1,0],[0,0,-1,0,0,-1,-1,0,0,0],[1,0,0,0,0,0,0,-1,0,0],[-1,1,0,-1,0,1,0,0,0,0],[0,-1,0,0,0,0,0,0,0,0],[0,0,0,1,-1,1,0,0,1,0],[0,0,0,0,1,0,0,0,0,1],[0,0,0,0,0,0,1,0,0,0]]
U242= [[0,0,0,0,0,0,0,0,1,0],[0,0,0,-1,0,0,0,0,0,0],[0,1,0,0,0,0,0,0,0,1],[0,-1,1,0,0,0,-1,0,0,1],[1,0,0,0,0,0,0,0,0,0],[-1,0,0,1,0,1,1,-1,-1,1],[0,0,-1,0,0,-1,0,1,0,0],[0,0,1,-1,-1,0,0,0,0,0],[0,0,0,0,1,0,1,0,0,0],[0,0,0,0,0,1,0,1,0,0]]
U243= [[0,0,0,0,0,0,0,1,1,-1],[0,0,-1,0,0,0,0,0,0,0],[0,1,0,0,0,0,0,0,0,0],[0,-1,1,1,0,-1,0,0,0,0],[1,0,0,0,0,0,0,1,0,0],[-1,0,0,0,0,1,1,0,0,1],[0,0,0,-1,0,0,-1,1,-1,0],[0,0,0,1,-1,1,0,0,0,0],[0,0,0,0,1,0,0,0,0,0],[0,0,0,0,0,0,1,0,0,-1]]
U244= [[0,0,0,0,0,0,0,0,1,0],[0,0,-1,0,0,0,0,0,0,0],[0,0,1,1,0,-1,1,0,-1,-1],[0,1,0,0,0,0,0,0,0,0],[-1,0,0,-1,-1,0,-1,1,1,0],[0,-1,0,0,1,1,0,-1,-1,-1],[1,0,0,0,0,0,0,0,0,-1],[0,0,0,0,0,1,0,0,0,0],[0,0,0,1,0,0,-1,0,0,0],[0,0,0,0,1,0,0,1,0,0]]
U245= [[0,0,0,0,0,0,0,0,-1,0],[0,0,1,-1,1,0,0,0,1,1],[0,0,0,1,0,0,-1,0,0,0],[0,1,0,0,0,0,0,0,0,0],[1,0,0,0,0,0,0,0,0,0],[-1,-1,-1,0,0,1,1,1,0,1],[0,0,0,0,-1,-1,0,-1,0,1],[0,0,1,0,0,0,1,0,0,0],[0,0,0,0,1,0,0,0,0,0],[0,0,0,0,0,1,0,-1,0,0]]
U246= [[0,0,0,0,0,0,0,0,1,0],[0,0,0,-1,0,0,0,0,0,0],[0,0,1,0,0,0,-1,0,0,1],[0,1,0,0,0,0,0,0,0,1],[1,0,0,0,0,0,0,0,-1,1],[-1,-1,0,1,0,1,1,-1,0,0],[0,0,-1,0,0,-1,0,1,0,0],[0,0,1,-1,-1,0,0,0,1,0],[0,0,0,0,1,0,1,0,0,0],[0,0,0,0,0,1,0,1,0,0]]
U247= [[0,0,0,0,0,0,0,0,1,0],[0,0,0,-1,0,0,0,0,0,0],[0,0,1,0,0,0,-1,0,-1,1],[0,1,0,0,0,0,0,0,0,0],[-1,0,-1,0,0,-1,0,1,0,1],[0,-1,0,1,0,1,1,-1,0,1],[1,0,0,0,0,0,0,0,0,0],[0,0,1,-1,-1,0,0,0,0,0],[0,0,0,0,1,0,1,0,0,0],[0,0,0,0,0,1,0,1,0,0]]
U248= [[0,0,0,0,0,0,0,1,0,0],[0,0,-1,0,0,0,0,0,0,0],[0,0,1,1,1,0,-1,-1,0,1],[0,1,0,0,0,0,0,0,0,1],[-1,0,0,0,0,-1,1,0,-1,0],[0,-1,0,-1,-1,1,0,0,1,1],[1,0,0,0,0,0,0,0,0,0],[0,0,0,1,0,0,0,0,0,0],[0,0,0,0,1,0,1,0,0,0],[0,0,0,0,0,1,0,0,-1,0]]
U249= [[0,0,1,0,0,0,1,-1,0,-1],[0,-1,1,0,0,0,0,0,0,0],[1,1,0,1,0,0,0,0,0,0],[-1,0,1,0,0,0,0,0,-1,0],[0,0,0,0,0,0,-1,0,0,0],[0,0,0,-1,0,0,0,0,0,1],[0,0,0,0,0,0,0,1,1,0],[0,0,0,1,-1,-1,0,-1,1,0],[0,0,0,0,1,0,0,0,0,1],[0,0,0,0,0,1,0,0,0,0]]
U250= [[0,0,0,0,0,0,0,0,1,0],[0,-1,0,0,0,0,0,0,0,0],[0,1,1,0,0,0,0,-1,-1,1],[1,0,0,0,0,0,0,0,0,0],[-1,0,-1,1,1,1,-1,0,0,0],[0,0,-1,0,0,0,1,-1,0,0],[0,0,1,-1,-1,-1,0,-1,0,-1],[0,0,0,1,0,0,0,0,0,0],[0,0,0,0,1,0,1,0,0,-1],[0,0,0,0,0,1,0,0,0,0]]
U251= [[0,0,0,0,0,0,0,1,0,0],[0,-1,0,0,0,0,0,0,1,1],[0,1,1,0,0,1,0,0,0,0],[0,0,0,0,0,-1,-1,0,1,0],[1,0,0,0,0,0,0,0,0,0],[-1,0,-1,0,0,-1,1,0,1,0],[0,0,0,0,0,1,0,-1,0,-1],[0,0,1,-1,-1,0,1,0,0,-1],[0,0,0,1,0,0,0,0,0,0],[0,0,0,0,1,0,0,0,0,0]]
U252= [[0,0,0,0,0,0,0,1,0,0],[0,0,0,-1,0,0,0,0,0,1],[0,1,0,0,0,0,0,0,1,0],[0,-1,1,0,0,0,-1,0,1,0],[1,0,0,0,0,0,0,0,0,0],[-1,0,0,1,0,0,1,-1,1,0],[0,0,-1,0,0,0,0,0,0,-1],[0,0,1,-1,-1,-1,0,0,0,0],[0,0,0,0,1,0,1,0,0,0],[0,0,0,0,0,1,0,0,0,-1]]
U253= [[0,0,0,0,0,0,0,0,-1,1],[0,0,0,-1,0,0,0,0,0,1],[0,0,1,0,0,0,-1,-1,0,0],[0,1,0,0,0,0,0,-1,0,0],[1,0,0,0,0,0,0,-1,1,-1],[-1,-1,0,1,0,0,1,0,0,0],[0,0,-1,0,0,0,0,0,0,-1],[0,0,1,-1,-1,-1,0,0,-1,0],[0,0,0,0,1,0,1,0,0,0],[0,0,0,0,0,1,0,0,0,0]]
U254= [[0,0,0,0,0,0,0,0,1,0],[0,0,0,-1,0,0,0,-1,0,0],[0,0,1,0,0,0,-1,0,-1,1],[0,1,0,0,0,0,0,0,0,0],[-1,0,-1,0,0,0,0,1,0,1],[0,-1,0,1,0,0,1,0,0,1],[1,0,0,0,0,0,0,0,0,0],[0,0,1,-1,-1,-1,0,0,0,0],[0,0,0,0,1,0,1,1,0,0],[0,0,0,0,0,1,0,0,0,0]]
U255= [[0,-1,-1,-1,-1,1,0,1,-1,-1],[0,0,0,0,-1,0,0,0,0,0],[0,0,0,0,1,-1,0,1,1,0],[-1,0,0,0,1,0,-1,1,0,1],[1,0,0,0,0,0,0,0,0,0],[0,1,0,0,0,0,1,0,0,0],[0,0,1,0,0,0,0,0,0,0],[0,0,0,1,0,0,0,0,0,0],[0,0,0,0,0,1,0,0,1,0],[0,0,0,0,0,0,1,0,0,1]]
U256= [[0,0,-1,-1,-1,1,1,-1,0,1],[0,0,0,0,-1,0,0,0,1,0],[0,0,0,0,1,-1,0,1,0,0],[-1,-1,0,0,1,0,-1,0,1,-1],[1,0,0,0,0,0,0,0,0,0],[0,1,0,0,0,0,0,0,0,0],[0,0,1,0,0,0,0,0,1,0],[0,0,0,1,0,0,0,0,0,0],[0,0,0,0,0,1,0,1,0,0],[0,0,0,0,0,0,1,0,0,-1]]
U257= [[0,0,-1,-1,-1,1,0,-1,1,0],[0,0,0,0,-1,0,0,0,0,0],[-1,0,0,0,1,-1,0,1,1,0],[1,0,0,0,0,0,0,0,0,0],[0,-1,0,0,1,0,-1,0,1,1],[0,1,0,0,0,0,0,0,0,0],[0,0,1,0,0,0,1,0,0,-1],[0,0,0,1,0,0,0,0,0,0],[0,0,0,0,0,1,0,1,0,0],[0,0,0,0,0,0,1,0,0,1]]
U258= [[0,0,-1,-1,-1,0,0,0,1,0],[-1,0,0,0,-1,-1,0,1,1,0],[0,0,0,0,1,0,0,0,0,0],[1,0,0,0,0,0,0,0,0,0],[0,-1,0,0,1,1,-1,-1,0,1],[0,1,0,0,0,0,0,0,0,0],[0,0,1,0,0,0,1,0,0,-1],[0,0,0,1,0,0,0,0,1,0],[0,0,0,0,0,1,0,1,0,0],[0,0,0,0,0,0,1,0,0,1]]
U259= [[0,-1,-1,-1,1,0,0,1,0,1],[0,0,0,0,0,0,-1,0,0,0],[-1,0,0,0,-1,1,0,0,1,0],[1,0,0,0,0,0,0,0,0,0],[0,0,0,0,0,1,0,-1,-1,-1],[0,1,0,0,0,1,-1,0,0,0],[0,0,1,0,0,0,-1,0,0,0],[0,0,0,1,0,0,0,0,0,0],[0,0,0,0,1,0,0,0,1,0],[0,0,0,0,0,0,0,1,0,-1]]
U260= [[0,0,-1,-1,0,-1,1,1,0,1],[0,0,0,0,0,-1,0,0,0,0],[-1,0,0,0,1,1,-1,0,1,0],[1,0,0,0,0,0,0,0,0,0],[0,-1,0,0,1,1,0,-1,-1,-1],[0,1,0,0,0,0,0,0,0,0],[0,0,1,0,1,0,0,0,0,0],[0,0,0,1,0,0,0,0,0,0],[0,0,0,0,0,0,1,0,1,0],[0,0,0,0,0,0,0,1,0,-1]]
U261= [[0,0,-1,-1,-1,1,0,-1,1,0],[-1,-1,0,0,-1,0,-1,0,1,1],[0,0,0,0,1,-1,1,1,1,-1],[1,0,0,0,0,0,0,0,0,0],[0,1,0,0,0,0,0,0,0,0],[0,0,0,0,1,0,0,0,0,0],[0,0,1,0,0,0,0,0,0,0],[0,0,0,1,0,0,0,0,0,0],[0,0,0,0,0,1,0,1,0,0],[0,0,0,0,0,0,1,0,0,1]]
U262= [[0,0,0,-1,-1,0,0,0,0,0],[-1,0,0,-1,0,-1,-1,1,1,-1],[0,-1,0,1,0,0,1,0,0,1],[1,0,0,0,0,0,0,0,0,0],[0,1,0,0,0,0,0,0,1,0],[0,0,-1,1,0,1,0,-1,1,0],[0,0,1,0,0,0,0,0,0,0],[0,0,0,0,1,0,0,0,0,0],[0,0,0,0,0,1,0,1,0,0],[0,0,0,0,0,0,1,0,0,-1]]
U263= [[0,0,-1,-1,1,-1,0,0,1,1],[0,0,0,0,0,-1,-1,1,-1,0],[-1,-1,0,0,-1,1,1,1,0,0],[1,0,0,0,0,0,0,0,0,0],[0,1,0,0,0,0,0,0,0,0],[0,0,0,0,0,1,0,0,0,-1],[0,0,1,0,0,0,0,1,0,0],[0,0,0,1,0,0,0,0,0,0],[0,0,0,0,1,0,0,0,-1,0],[0,0,0,0,0,0,1,0,0,-1]]
U264= [[0,0,-1,-1,1,-1,0,0,1,0],[0,0,0,0,0,-1,-1,0,0,0],[-1,-1,0,0,-1,1,1,1,1,0],[1,0,0,0,0,0,0,0,0,0],[0,1,0,0,0,0,0,0,1,0],[0,0,0,0,0,1,0,-1,0,1],[0,0,1,0,0,0,0,0,0,-1],[0,0,0,1,0,0,0,0,0,0],[0,0,0,0,1,0,0,1,0,0],[0,0,0,0,0,0,1,0,0,1]]
U265= [[0,0,-1,-1,-1,1,0,0,1,0],[-1,0,0,0,-1,0,-1,1,-1,-1],[0,-1,0,0,1,-1,1,1,0,1],[1,0,0,0,0,0,0,0,0,0],[0,1,0,0,0,0,0,0,0,0],[0,0,0,0,1,0,0,0,0,0],[0,0,1,0,0,0,0,1,0,0],[0,0,0,1,0,0,0,0,0,0],[0,0,0,0,0,1,0,0,-1,0],[0,0,0,0,0,0,1,0,0,-1]]
U266= [[0,0,-1,-1,-1,1,0,0,-1,0],[-1,0,0,0,-1,0,0,0,0,0],[0,-1,0,0,1,-1,0,0,0,-1],[1,0,0,0,0,0,-1,1,1,-1],[0,1,0,0,0,0,1,-1,0,0],[0,0,0,0,1,0,0,0,0,-1],[0,0,1,0,0,0,0,0,0,0],[0,0,0,1,0,0,0,0,0,0],[0,0,0,0,0,1,0,0,1,0],[0,0,0,0,0,0,1,1,0,0]]
U267= [[0,0,0,-1,-1,1,1,0,0,1],[0,0,0,0,-1,0,0,0,1,0],[-1,-1,0,0,1,-1,0,1,1,0],[1,0,0,0,0,0,0,0,0,0],[0,1,0,0,0,0,0,0,0,0],[0,0,-1,0,1,0,-1,-1,0,-1],[0,0,1,0,0,0,0,0,0,0],[0,0,0,1,0,0,0,0,1,0],[0,0,0,0,0,1,0,1,0,0],[0,0,0,0,0,0,1,0,0,-1]]
U268= [[0,0,0,-1,-1,0,0,0,0,1],[-1,0,0,-1,0,-1,-1,0,1,1],[0,-1,0,1,0,0,1,1,-1,1],[1,0,0,0,0,0,0,0,0,0],[0,1,0,0,0,0,0,0,0,0],[0,0,-1,1,0,1,0,-1,0,0],[0,0,1,0,0,0,0,0,0,0],[0,0,0,0,1,0,0,0,0,0],[0,0,0,0,0,1,0,1,0,0],[0,0,0,0,0,0,1,0,1,0]]
U269= [[0,0,-1,-1,-1,1,1,0,1,0],[0,0,0,0,-1,0,0,0,0,1],[-1,0,0,0,1,-1,-1,1,0,0],[1,0,0,0,0,0,0,0,0,0],[0,-1,0,0,1,0,0,-1,1,0],[0,1,0,0,0,0,0,0,0,0],[0,0,1,0,0,0,0,0,0,-1],[0,0,0,1,0,0,0,0,1,0],[0,0,0,0,0,1,0,1,0,0],[0,0,0,0,0,0,1,0,0,1]]
U270= [[0,0,0,-1,-1,-1,0,0,1,1],[1,0,0,0,0,0,0,0,0,-1],[0,-1,0,1,0,0,1,1,0,-1],[-1,0,0,-1,0,0,-1,0,1,0],[0,1,0,0,0,0,0,0,0,0],[0,0,-1,1,0,0,0,0,1,0],[0,0,1,0,0,0,0,0,0,1],[0,0,0,0,1,0,0,1,0,0],[0,0,0,0,0,1,0,1,0,0],[0,0,0,0,0,0,1,0,0,0]]
U271= [[0,0,0,-1,-1,-1,0,0,0,-1],[1,0,0,0,0,0,0,0,0,0],[0,-1,0,1,0,0,1,-1,1,1],[-1,0,0,-1,0,0,-1,1,0,1],[0,1,0,0,0,0,0,0,0,0],[0,0,-1,1,0,0,0,0,1,0],[0,0,1,0,0,0,0,0,0,0],[0,0,0,0,1,0,0,0,1,0],[0,0,0,0,0,1,0,0,0,-1],[0,0,0,0,0,0,1,1,0,0]]
U272= [[0,0,0,-1,-1,-1,0,1,0,0],[1,0,0,0,0,0,0,0,0,0],[0,-1,0,1,0,0,0,1,0,0],[-1,0,0,-1,0,0,-1,1,-1,0],[0,1,0,0,0,0,0,0,0,0],[0,0,-1,1,0,0,1,0,0,-1],[0,0,1,0,0,0,0,0,0,-1],[0,0,0,0,1,0,0,0,1,-1],[0,0,0,0,0,1,0,0,0,0],[0,0,0,0,0,0,1,0,-1,0]]
U273= [[0,0,0,-1,-1,-1,0,0,-1,0],[1,0,0,0,0,0,0,0,0,0],[0,-1,0,1,0,0,0,1,0,0],[-1,0,0,-1,0,0,-1,0,1,0],[0,1,0,0,0,0,0,0,0,0],[0,0,-1,1,0,0,1,-1,0,1],[0,0,1,0,0,0,0,0,0,0],[0,0,0,0,1,0,0,0,0,1],[0,0,0,0,0,1,0,0,0,1],[0,0,0,0,0,0,1,1,1,0]]
U274= [[0,0,0,0,-1,-1,-1,1,-1,0],[1,0,0,0,0,0,0,0,0,0],[0,-1,0,0,1,0,0,0,1,1],[-1,0,0,0,-1,0,0,1,1,-1],[0,1,0,0,0,0,0,0,0,0],[0,0,-1,-1,1,0,0,1,-1,-1],[0,0,1,0,0,0,0,0,0,0],[0,0,0,1,0,0,0,0,0,0],[0,0,0,0,0,1,0,0,0,1],[0,0,0,0,0,0,1,0,0,0]]
U275= [[0,0,0,0,-1,-1,-1,1,1,1],[1,0,0,0,0,0,0,0,0,0],[0,-1,-1,0,1,0,0,1,-1,1],[-1,0,0,0,-1,0,0,1,-1,-1],[0,1,0,0,0,0,0,0,0,0],[0,0,1,0,0,0,0,0,0,0],[0,0,0,-1,1,0,0,0,0,-1],[0,0,0,1,0,0,0,0,0,0],[0,0,0,0,0,1,0,0,0,0],[0,0,0,0,0,0,1,0,1,0]]
U276= [[0,-1,-1,-1,0,0,0,1,0,1],[0,0,1,0,0,0,1,0,1,0],[0,0,0,1,0,0,0,0,1,0],[0,-1,0,0,0,1,0,0,-1,0],[1,1,0,0,1,0,1,0,0,0],[0,0,0,0,-1,1,0,1,0,0],[0,0,0,0,0,0,-1,0,0,0],[1,0,0,0,0,0,0,-1,0,0],[0,0,0,0,0,-1,0,0,0,1],[1,0,0,0,0,0,0,0,0,-1]]
U277= [[-1,0,-1,0,0,0,1,1,1,0],[1,0,0,0,0,0,0,0,0,0],[0,0,0,-1,0,1,0,0,0,0],[0,0,-1,1,0,0,0,0,0,0],[0,1,1,0,1,1,1,0,0,0],[0,0,0,0,-1,0,0,0,0,0],[0,0,0,0,0,0,-1,0,0,1],[0,1,0,0,0,0,0,1,0,-1],[0,0,0,0,0,-1,0,-1,1,0],[0,1,0,0,0,0,0,0,-1,0]]
U278= [[0,-1,0,1,0,0,0,-1,0,0],[-1,0,0,0,0,0,-1,0,-1,1],[1,-1,0,0,0,0,-1,0,0,0],[0,0,0,-1,-1,0,0,0,1,-1],[0,0,0,0,0,0,1,-1,0,0],[0,0,1,0,0,1,0,0,0,0],[0,1,-1,0,-1,1,0,0,0,0],[0,0,0,0,0,1,0,1,0,0],[0,0,0,0,1,0,0,0,0,0],[0,0,0,0,0,0,0,0,1,1]]
U279= [[0,0,0,0,-1,-1,0,1,1,0],[-1,0,-1,0,0,0,-1,0,-1,1],[1,0,0,-1,0,0,0,0,0,0],[0,0,0,0,0,1,0,0,0,0],[0,0,0,0,0,0,0,1,0,1],[0,1,0,0,0,0,0,0,0,0],[0,-1,1,0,-1,0,-1,0,0,0],[0,0,1,-1,0,0,1,-1,0,0],[0,0,1,-1,1,0,0,0,0,-1],[0,0,0,0,0,0,0,0,1,0]]
U280= [[0,-1,0,1,0,0,0,0,0,0],[1,0,0,0,0,0,0,0,0,0],[-1,0,0,0,0,-1,0,-1,1,-1],[0,-1,1,-1,-1,0,0,1,0,1],[0,1,0,0,0,0,0,0,1,0],[0,0,1,0,0,-1,0,0,0,0],[0,0,0,0,-1,1,0,0,0,0],[0,0,0,0,-1,0,1,0,0,0],[0,0,-1,0,0,0,-1,0,-1,0],[0,0,0,0,0,0,0,1,0,-1]]
U281= [[0,-1,1,0,0,0,0,1,1,-1],[0,0,0,0,-1,0,1,0,0,0],[-1,0,0,0,-1,-1,0,-1,-1,1],[1,0,0,-1,0,0,0,0,0,0],[0,1,0,-1,0,0,1,0,0,0],[0,0,1,0,1,-1,0,0,0,1],[0,0,1,0,0,0,-1,0,0,0],[0,0,0,1,0,-1,0,0,0,-1],[0,0,0,0,0,0,0,1,0,0],[0,0,0,0,0,0,0,0,1,0]]
U282= [[0,0,1,-1,0,1,0,-1,1,0],[0,0,1,0,-1,0,0,0,0,1],[0,-1,0,-1,0,0,-1,0,0,0],[1,-1,0,0,1,0,0,0,1,-1],[1,0,0,0,0,1,-1,-1,0,0],[0,1,-1,0,0,0,0,0,0,0],[0,0,0,1,0,0,0,0,1,0],[0,0,0,0,1,0,0,0,0,1],[0,0,0,0,0,1,0,1,0,0],[0,0,0,0,0,0,1,0,0,0]]
U283= [[0,0,0,0,0,1,0,0,-1,0],[0,0,0,0,0,0,1,0,0,0],[-1,0,1,-1,0,0,0,0,0,0],[1,0,0,0,1,0,0,0,0,-1],[0,0,1,-1,-1,1,1,0,1,-1],[0,0,-1,0,0,0,0,0,0,0],[0,-1,1,0,1,0,0,-1,0,0],[0,1,0,0,0,0,0,-1,1,0],[0,0,0,0,0,1,-1,1,0,0],[0,0,0,1,0,0,0,0,0,-1]]
ListSHV_n10_rank10 = [U1,U2,U3,U4,U5,U6,U7,U8,U9,U10,U11,U12,U13,U14,U15,U16,U17,U18,U19,U20,U21,U22,U23,U24,U25,U26,U27,U28,U29,U30,U31,U32,U33,U34,U35,U36,U37,U38,U39,U40,U41,U42,U43,U44,U45,U46,U47,U48,U49,U50,U51,U52,U53,U54,U55,U56,U57,U58,U59,U60,U61,U62,U63,U64,U65,U66,U67,U68,U69,U70,U71,U72,U73,U74,U75,U76,U77,U78,U79,U80,U81,U82,U83,U84,U85,U86,U87,U88,U89,U90,U91,U92,U93,U94,U95,U96,U97,U98,U99,U100,U101,U102,U103,U104,U105,U106,U107,U108,U109,U110,U111,U112,U113,U114,U115,U116,U117,U118,U119,U120,U121,U122,U123,U124,U125,U126,U127,U128,U129,U130,U131,U132,U133,U134,U135,U136,U137,U138,U139,U140,U141,U142,U143,U144,U145,U146,U147,U148,U149,U150,U151,U152,U153,U154,U155,U156,U157,U158,U159,U160,U161,U162,U163,U164,U165,U166,U167,U168,U169,U170,U171,U172,U173,U174,U175,U176,U177,U178,U179,U180,U181,U182,U183,U184,U185,U186,U187,U188,U189,U190,U191,U192,U193,U194,U195,U196,U197,U198,U199,U200,U201,U202,U203,U204,U205,U206,U207,U208,U209,U210,U211,U212,U213,U214,U215,U216,U217,U218,U219,U220,U221,U222,U223,U224,U225,U226,U227,U228,U229,U230,U231,U232,U233,U234,U235,U236,U237,U238,U239,U240,U241,U242,U243,U244,U245,U246,U247,U248,U249,U250,U251,U252,U253,U254,U255,U256,U257,U258,U259,U260,U261,U262,U263,U264,U265,U266,U267,U268,U269,U270,U271,U272,U273,U274,U275,U276,U277,U278,U279,U280,U281,U282,U283]