U1= [[1,0,0,0,0,0,0,0],[0,1,0,0,0,0,0,0],[0,0,1,0,0,0,0,0],[0,0,0,1,0,0,0,0],[0,0,0,0,1,0,0,0],[0,0,0,0,0,1,0,0],[0,0,0,0,0,0,1,0],[0,0,0,0,0,0,0,1]]
U2= [[-1,-1,-1,1,-1,0,0,0],[1,0,0,0,0,0,0,0],[0,1,0,0,0,0,0,0],[0,0,1,0,0,0,0,0],[0,0,0,1,1,0,0,0],[0,0,0,0,0,1,0,0],[0,0,0,0,0,0,1,0],[0,0,0,0,0,0,0,1]]
U3= [[-1,-1,-1,-1,1,-1,0,0],[1,0,0,0,0,0,0,0],[0,1,0,0,0,0,0,0],[0,0,1,0,0,0,0,0],[0,0,0,1,0,0,0,0],[0,0,0,0,1,1,0,0],[0,0,0,0,0,0,1,0],[0,0,0,0,0,0,0,1]]
U4= [[-1,-1,-1,-1,-1,1,-1,0],[1,0,0,0,0,0,0,0],[0,1,0,0,0,0,0,0],[0,0,1,0,0,0,0,0],[0,0,0,1,0,0,0,0],[0,0,0,0,1,0,0,0],[0,0,0,0,0,1,1,0],[0,0,0,0,0,0,0,1]]
U5= [[-1,3,-1,-1,-1,-1,-1,0],[1,0,0,0,0,0,0,0],[0,0,1,0,0,0,0,0],[0,0,0,1,0,0,0,0],[0,0,0,0,1,0,0,0],[0,0,0,0,0,1,0,0],[0,0,0,0,0,0,1,0],[0,0,0,0,0,0,0,1]]
U6= [[-1,-1,0,0,0,-1,-1,0],[1,0,0,0,0,0,0,0],[0,1,0,0,0,0,0,0],[0,0,1,0,-1,1,0,0],[0,0,1,0,-1,0,1,0],[0,0,1,1,0,0,0,0],[0,0,0,-1,1,0,0,0],[0,0,0,0,0,0,0,1]]
U7= [[-1,-1,-1,-1,-1,-1,1,-1],[1,0,0,0,0,0,0,0],[0,1,0,0,0,0,0,0],[0,0,1,0,0,0,0,0],[0,0,0,1,0,0,0,0],[0,0,0,0,1,0,0,0],[0,0,0,0,0,1,0,0],[0,0,0,0,0,0,1,1]]
U8= [[-1,-1,3,-1,-1,-1,-1,-1],[1,0,0,0,0,0,0,0],[0,1,0,0,0,0,0,0],[0,0,0,1,0,0,0,0],[0,0,0,0,1,0,0,0],[0,0,0,0,0,1,0,0],[0,0,0,0,0,0,1,0],[0,0,0,0,0,0,0,1]]
U9= [[-1,-1,-1,-1,-1,0,0,0],[1,0,0,0,0,0,0,0],[0,1,0,0,0,0,0,0],[0,0,1,0,0,0,0,0],[0,0,0,-1,1,0,0,0],[0,0,0,0,0,1,0,0],[0,0,0,0,0,0,1,1],[0,0,0,1,0,-1,1,-1]]
U10= [[-1,-1,-1,0,0,0,-1,-1],[1,0,0,0,0,0,0,0],[0,1,0,0,0,0,0,0],[0,0,1,0,0,0,0,0],[0,0,0,1,0,-1,1,0],[0,0,0,1,0,-1,0,1],[0,0,0,1,1,0,0,0],[0,0,0,0,-1,1,0,0]]
U11= [[2,-2,-1,-1,-1,-1,-1,-1],[0,0,1,0,0,0,0,0],[0,0,0,1,0,0,0,0],[0,0,0,0,1,0,0,0],[0,0,0,0,0,1,0,0],[0,0,0,0,0,0,1,0],[0,0,0,0,0,0,0,1],[1,1,0,0,0,0,0,0]]
U12= [[1,-1,-1,0,-1,-1,0,0],[0,1,0,0,0,0,0,0],[0,0,1,0,0,0,0,0],[0,0,0,-1,1,0,0,0],[0,0,0,-1,0,1,0,0],[1,0,0,0,0,0,1,0],[1,0,0,0,0,0,0,1],[0,0,0,1,0,0,-1,-1]]
U13= [[-1,-1,1,0,0,0,1,0],[1,0,0,0,0,0,0,0],[0,1,0,0,0,0,0,0],[0,0,0,-1,0,0,-1,0],[0,0,1,1,0,0,0,0],[0,0,0,0,1,0,0,0],[0,0,0,0,0,1,0,1],[0,0,1,0,-1,1,1,-1]]
ListSHV_n8_rank8 = [U1,U2,U3,U4,U5,U6,U7,U8,U9,U10,U11,U12,U13]