U1= [[1,0,0,0,0,0,0,0,0],[0,1,0,0,0,0,0,0,0],[0,0,1,0,0,0,0,0,0],[0,0,0,1,0,0,0,0,0],[0,0,0,0,1,0,0,0,0],[0,0,0,0,0,1,0,0,0],[0,0,0,0,0,0,1,0,0],[0,0,0,0,0,0,0,1,0],[0,0,0,0,0,0,0,0,1]]
U2= [[-1,-1,-1,1,-1,0,0,0,0],[1,0,0,0,0,0,0,0,0],[0,1,0,0,0,0,0,0,0],[0,0,1,0,0,0,0,0,0],[0,0,0,1,1,0,0,0,0],[0,0,0,0,0,1,0,0,0],[0,0,0,0,0,0,1,0,0],[0,0,0,0,0,0,0,1,0],[0,0,0,0,0,0,0,0,1]]
U3= [[-1,-1,-1,-1,1,-1,0,0,0],[1,0,0,0,0,0,0,0,0],[0,1,0,0,0,0,0,0,0],[0,0,1,0,0,0,0,0,0],[0,0,0,1,0,0,0,0,0],[0,0,0,0,1,1,0,0,0],[0,0,0,0,0,0,1,0,0],[0,0,0,0,0,0,0,1,0],[0,0,0,0,0,0,0,0,1]]
U4= [[-1,-1,-1,-1,-1,1,-1,0,0],[1,0,0,0,0,0,0,0,0],[0,1,0,0,0,0,0,0,0],[0,0,1,0,0,0,0,0,0],[0,0,0,1,0,0,0,0,0],[0,0,0,0,1,0,0,0,0],[0,0,0,0,0,1,1,0,0],[0,0,0,0,0,0,0,1,0],[0,0,0,0,0,0,0,0,1]]
U5= [[-1,3,-1,-1,-1,-1,-1,0,0],[1,0,0,0,0,0,0,0,0],[0,0,1,0,0,0,0,0,0],[0,0,0,1,0,0,0,0,0],[0,0,0,0,1,0,0,0,0],[0,0,0,0,0,1,0,0,0],[0,0,0,0,0,0,1,0,0],[0,0,0,0,0,0,0,1,0],[0,0,0,0,0,0,0,0,1]]
U6= [[-1,-1,0,0,0,-1,-1,0,0],[1,0,0,0,0,0,0,0,0],[0,1,0,0,0,0,0,0,0],[0,0,1,0,-1,1,0,0,0],[0,0,1,0,-1,0,1,0,0],[0,0,1,1,0,0,0,0,0],[0,0,0,-1,1,0,0,0,0],[0,0,0,0,0,0,0,1,0],[0,0,0,0,0,0,0,0,1]]
U7= [[-1,-1,-1,-1,-1,-1,1,-1,0],[1,0,0,0,0,0,0,0,0],[0,1,0,0,0,0,0,0,0],[0,0,1,0,0,0,0,0,0],[0,0,0,1,0,0,0,0,0],[0,0,0,0,1,0,0,0,0],[0,0,0,0,0,1,0,0,0],[0,0,0,0,0,0,1,1,0],[0,0,0,0,0,0,0,0,1]]
U8= [[-1,-1,3,-1,-1,-1,-1,-1,0],[1,0,0,0,0,0,0,0,0],[0,1,0,0,0,0,0,0,0],[0,0,0,1,0,0,0,0,0],[0,0,0,0,1,0,0,0,0],[0,0,0,0,0,1,0,0,0],[0,0,0,0,0,0,1,0,0],[0,0,0,0,0,0,0,1,0],[0,0,0,0,0,0,0,0,1]]
U9= [[-1,-1,-1,-1,-1,0,0,0,0],[1,0,0,0,0,0,0,0,0],[0,1,0,0,0,0,0,0,0],[0,0,1,0,0,0,0,0,0],[0,0,0,-1,1,0,0,0,0],[0,0,0,0,0,1,0,0,0],[0,0,0,0,0,0,1,1,0],[0,0,0,1,0,-1,1,-1,0],[0,0,0,0,0,0,0,0,1]]
U10= [[-1,-1,-1,0,0,0,-1,-1,0],[1,0,0,0,0,0,0,0,0],[0,1,0,0,0,0,0,0,0],[0,0,1,0,0,0,0,0,0],[0,0,0,1,0,-1,1,0,0],[0,0,0,1,0,-1,0,1,0],[0,0,0,1,1,0,0,0,0],[0,0,0,0,-1,1,0,0,0],[0,0,0,0,0,0,0,0,1]]
U11= [[2,-2,-1,-1,-1,-1,-1,-1,0],[0,0,1,0,0,0,0,0,0],[0,0,0,1,0,0,0,0,0],[0,0,0,0,1,0,0,0,0],[0,0,0,0,0,1,0,0,0],[0,0,0,0,0,0,1,0,0],[0,0,0,0,0,0,0,1,0],[1,1,0,0,0,0,0,0,0],[0,0,0,0,0,0,0,0,1]]
U12= [[1,-1,-1,0,-1,-1,0,0,0],[0,1,0,0,0,0,0,0,0],[0,0,1,0,0,0,0,0,0],[0,0,0,-1,1,0,0,0,0],[0,0,0,-1,0,1,0,0,0],[1,0,0,0,0,0,1,0,0],[1,0,0,0,0,0,0,1,0],[0,0,0,1,0,0,-1,-1,0],[0,0,0,0,0,0,0,0,1]]
U13= [[-1,-1,1,0,0,0,1,0,0],[1,0,0,0,0,0,0,0,0],[0,1,0,0,0,0,0,0,0],[0,0,0,-1,0,0,-1,0,0],[0,0,1,1,0,0,0,0,0],[0,0,0,0,1,0,0,0,0],[0,0,0,0,0,1,0,1,0],[0,0,1,0,-1,1,1,-1,0],[0,0,0,0,0,0,0,0,1]]
U14= [[-1,-1,-1,-1,0,0,0,-1,0],[1,0,0,0,0,0,0,0,0],[0,1,0,0,0,0,0,0,0],[0,0,1,0,0,0,0,0,0],[0,0,0,1,0,0,0,-1,0],[0,0,0,0,1,0,0,0,0],[0,0,0,0,0,1,0,0,0],[0,0,0,0,0,0,1,0,1],[0,0,0,-1,-1,-1,1,1,-1]]
U15= [[-1,-1,1,0,0,0,0,1,0],[1,0,0,0,0,0,0,0,0],[0,1,0,0,0,0,0,0,0],[0,0,0,-1,0,0,0,-1,0],[0,0,1,1,0,0,0,0,0],[0,0,0,0,1,0,0,0,0],[0,0,0,0,0,1,0,0,0],[0,0,0,0,0,0,1,0,1],[0,0,1,0,-1,-1,1,1,-1]]
U16= [[-1,-1,0,1,0,0,0,1,0],[1,0,0,0,0,0,0,0,0],[0,1,0,0,0,0,0,0,0],[0,0,-1,0,-1,0,0,-1,0],[0,0,1,0,0,0,0,0,0],[0,0,0,1,1,0,0,0,0],[0,0,0,0,0,1,0,0,0],[0,0,0,0,0,0,1,0,1],[0,0,0,1,0,-1,1,1,-1]]
U17= [[-1,-1,0,0,-1,-1,0,0,0],[1,0,0,0,0,0,0,0,0],[0,1,0,0,0,0,0,0,0],[0,0,1,-1,1,0,0,0,0],[0,0,1,-1,0,1,0,0,0],[0,0,1,0,0,0,0,1,0],[0,0,0,1,0,0,0,-1,0],[0,0,0,0,0,0,1,0,1],[0,0,0,1,-1,-1,1,1,-1]]
U18= [[-1,-1,2,1,-1,-1,1,0,0],[1,0,0,0,0,0,0,0,0],[0,1,0,0,0,0,0,0,0],[0,0,-2,-1,1,1,-1,-1,-1],[0,0,1,0,-1,0,0,1,0],[0,0,1,0,-1,0,0,0,1],[0,0,1,1,0,0,0,0,0],[0,0,0,-1,1,0,0,0,0],[0,0,0,0,0,1,1,0,0]]
U19= [[-1,-1,1,-1,-1,-1,1,0,0],[0,1,0,0,0,0,0,0,0],[0,0,0,1,0,0,0,0,0],[0,0,0,0,0,1,0,0,0],[0,0,0,0,0,0,0,1,0],[0,0,0,0,0,0,0,0,1],[-1,0,-1,0,1,0,1,-1,-1],[1,0,0,0,0,0,1,0,0],[0,0,1,0,1,0,0,0,0]]
U20= [[-1,-1,-1,-1,-1,-1,-1,1,-1],[1,0,0,0,0,0,0,0,0],[0,1,0,0,0,0,0,0,0],[0,0,1,0,0,0,0,0,0],[0,0,0,1,0,0,0,0,0],[0,0,0,0,1,0,0,0,0],[0,0,0,0,0,1,0,0,0],[0,0,0,0,0,0,1,0,0],[0,0,0,0,0,0,0,1,1]]
U21= [[-1,-1,-1,3,-1,-1,-1,-1,-1],[1,0,0,0,0,0,0,0,0],[0,1,0,0,0,0,0,0,0],[0,0,1,0,0,0,0,0,0],[0,0,0,0,1,0,0,0,0],[0,0,0,0,0,1,0,0,0],[0,0,0,0,0,0,1,0,0],[0,0,0,0,0,0,0,1,0],[0,0,0,0,0,0,0,0,1]]
U22= [[4,-1,-1,-1,-1,-1,-1,-1,-1],[0,1,0,0,0,0,0,0,0],[0,0,1,0,0,0,0,0,0],[0,0,0,1,0,0,0,0,0],[0,0,0,0,1,0,0,0,0],[0,0,0,0,0,1,0,0,0],[0,0,0,0,0,0,1,0,0],[0,0,0,0,0,0,0,1,0],[0,0,0,0,0,0,0,0,1]]
U23= [[-1,2,-2,-1,-1,-1,-1,-1,-1],[1,0,0,0,0,0,0,0,0],[0,0,0,1,0,0,0,0,0],[0,0,0,0,1,0,0,0,0],[0,0,0,0,0,1,0,0,0],[0,0,0,0,0,0,1,0,0],[0,0,0,0,0,0,0,1,0],[0,0,0,0,0,0,0,0,1],[0,1,1,0,0,0,0,0,0]]
U24= [[-1,-1,-1,-1,0,0,0,-1,-1],[1,0,0,0,0,0,0,0,0],[0,1,0,0,0,0,0,0,0],[0,0,1,0,0,0,0,0,0],[0,0,0,1,0,0,0,0,0],[0,0,0,0,1,0,-1,1,0],[0,0,0,0,1,0,-1,0,1],[0,0,0,0,1,1,0,0,0],[0,0,0,0,0,-1,1,0,0]]
U25= [[-1,-1,-1,-1,-1,-1,0,0,0],[1,0,0,0,0,0,0,0,0],[0,1,0,0,0,0,0,0,0],[0,0,1,0,0,0,0,0,0],[0,0,0,1,0,0,0,0,0],[0,0,0,0,-1,1,0,0,0],[0,0,0,0,0,0,1,0,0],[0,0,0,0,0,0,0,1,1],[0,0,0,0,1,0,-1,1,-1]]
U26= [[-1,-1,-1,-1,-1,0,0,0,0],[1,0,0,0,0,0,0,0,0],[0,1,0,0,0,0,0,0,0],[0,0,1,0,0,0,0,0,0],[0,0,0,-1,1,0,0,0,0],[0,0,0,0,0,1,0,0,0],[0,0,0,0,0,0,1,0,0],[0,0,0,0,0,0,0,1,1],[0,0,0,1,0,-1,-1,1,-1]]
U27= [[1,-1,-1,-1,-2,-2,-1,-1,-1],[0,1,0,0,0,0,0,0,0],[0,0,1,0,0,0,0,0,0],[0,0,0,1,0,0,0,0,0],[0,0,0,0,0,0,1,0,0],[0,0,0,0,0,0,0,1,0],[0,0,0,0,0,0,0,0,1],[1,0,0,0,1,0,0,0,0],[1,0,0,0,0,1,0,0,0]]
U28= [[1,-1,-1,-1,0,-1,-1,0,0],[0,1,0,0,0,0,0,0,0],[0,0,1,0,0,0,0,0,0],[0,0,0,1,0,0,0,0,0],[0,0,0,0,-1,1,0,0,0],[0,0,0,0,-1,0,1,0,0],[1,0,0,0,0,0,0,1,0],[1,0,0,0,0,0,0,0,1],[0,0,0,0,1,0,0,-1,-1]]
U29= [[-1,-1,0,-1,1,-1,0,0,0],[1,0,0,0,0,0,0,0,0],[0,1,0,0,0,0,0,0,0],[0,0,-1,1,0,0,0,0,0],[0,0,-1,0,0,1,0,0,0],[0,0,0,0,1,0,1,0,0],[0,0,0,0,1,0,0,1,0],[0,0,0,0,1,0,0,0,1],[0,0,1,0,-1,0,-1,-1,-1]]
U30= [[0,-1,-1,0,-1,-1,0,0,0],[0,1,0,0,0,0,0,0,0],[0,0,1,0,0,0,0,0,0],[1,0,0,-1,1,0,0,0,0],[1,0,0,-1,0,1,0,0,0],[1,0,0,0,0,0,1,0,0],[1,0,0,0,0,0,0,1,0],[1,0,0,0,0,0,0,0,1],[-1,0,0,1,0,0,-1,-1,-1]]
U31= [[1,-1,-1,-2,-1,-1,-1,1,0],[0,1,0,0,0,0,0,0,0],[0,0,1,0,0,0,0,0,0],[0,0,0,0,1,0,0,0,0],[0,0,0,0,0,1,0,0,0],[0,0,0,0,0,0,1,0,0],[1,0,0,0,0,0,0,0,1],[0,0,0,1,0,0,0,1,-1],[1,0,0,0,0,0,0,-1,0]]
U32= [[1,-1,-1,0,-1,-1,1,0,0],[0,1,0,0,0,0,0,0,0],[0,0,1,0,0,0,0,0,0],[0,0,0,-1,1,0,0,0,0],[0,0,0,-1,0,1,0,0,0],[0,0,0,0,0,0,0,1,0],[0,0,0,0,0,0,0,0,1],[1,0,0,1,0,0,1,-1,-1],[1,0,0,0,0,0,-1,0,0]]
U33= [[-1,-1,-1,-1,0,1,0,0,0],[1,0,0,0,0,0,0,0,0],[0,1,0,0,0,0,0,0,0],[0,0,1,0,0,0,0,0,0],[0,0,0,0,1,0,1,0,0],[0,0,0,0,1,0,0,1,0],[0,0,0,0,1,0,0,0,1],[0,0,0,-1,0,1,-1,-1,-1],[0,0,0,-1,0,-1,0,0,0]]
U34= [[3,0,-3,-1,-1,-1,-1,-1,-1],[0,0,0,1,0,0,0,0,0],[0,0,0,0,1,0,0,0,0],[0,0,0,0,0,1,0,0,0],[0,0,0,0,0,0,1,0,0],[0,0,0,0,0,0,0,1,0],[0,0,0,0,0,0,0,0,1],[1,1,0,0,0,0,0,0,0],[0,-1,1,0,0,0,0,0,0]]
U35= [[-1,-1,1,0,1,1,-1,-1,-1],[1,0,0,0,0,0,0,0,0],[0,1,0,0,0,0,0,0,0],[0,0,0,0,-1,0,1,0,0],[0,0,0,0,-1,0,0,1,0],[0,0,0,0,-1,0,0,0,1],[0,0,1,0,1,1,0,0,0],[0,0,1,1,0,0,0,0,0],[0,0,0,-1,0,-1,0,0,0]]
U36= [[-1,-3,-1,-1,-1,1,0,1,0],[1,0,0,0,0,0,0,0,0],[0,0,1,0,0,0,0,0,0],[0,0,0,1,0,0,0,0,0],[0,0,0,0,1,0,0,0,0],[0,0,0,0,0,1,0,0,0],[0,0,0,0,0,0,0,1,0],[0,0,0,0,0,0,1,0,1],[0,1,0,0,0,-1,1,-1,-1]]
U37= [[-1,-3,-1,-1,1,1,0,1,0],[1,0,0,0,0,0,0,0,0],[0,0,1,0,0,0,0,0,0],[0,0,0,1,0,0,0,0,0],[0,0,0,0,1,0,0,0,0],[0,0,0,0,0,1,0,0,0],[0,0,0,0,0,0,0,1,0],[0,0,0,0,0,0,1,0,1],[0,1,0,0,-1,-1,1,-1,-1]]
U38= [[-1,-3,-1,1,1,1,0,1,0],[1,0,0,0,0,0,0,0,0],[0,0,1,0,0,0,0,0,0],[0,0,0,1,0,0,0,0,0],[0,0,0,0,1,0,0,0,0],[0,0,0,0,0,1,0,0,0],[0,0,0,0,0,0,0,1,0],[0,0,0,0,0,0,1,0,1],[0,1,0,-1,-1,-1,1,-1,-1]]
U39= [[2,-1,-2,-1,-1,-1,0,1,0],[0,1,0,0,0,0,0,0,0],[0,0,0,1,0,0,0,0,0],[0,0,0,0,1,0,0,0,0],[0,0,0,0,0,1,0,0,0],[0,0,0,0,0,0,1,0,0],[1,0,1,0,0,0,-1,1,0],[1,0,0,0,0,0,0,0,1],[0,0,0,0,0,0,0,-1,-1]]
U40= [[1,0,-1,0,0,0,0,1,0],[0,1,0,0,0,0,0,0,0],[1,0,-1,1,0,0,0,0,0],[1,0,-1,0,1,0,0,0,0],[0,0,0,0,0,1,0,0,0],[0,0,0,0,0,0,1,0,0],[2,1,0,1,1,-1,-1,1,0],[1,0,0,0,0,0,0,0,1],[-1,-1,1,-1,-1,0,0,-1,-1]]
U41= [[0,0,-1,0,0,0,1,0,0],[1,0,0,0,0,0,0,0,0],[0,1,0,0,0,0,0,0,0],[0,0,-1,0,1,0,0,0,0],[0,0,0,1,0,1,0,0,0],[1,1,-1,1,1,-1,1,0,0],[0,0,-1,1,0,0,0,1,0],[0,0,-1,1,0,0,0,0,1],[-1,-1,1,-1,-1,0,-1,-1,-1]]
U42= [[0,-1,0,0,0,0,0,1,0],[0,-1,1,0,0,0,0,0,0],[0,-1,0,1,0,0,0,0,0],[0,0,0,0,1,0,0,0,0],[0,0,0,0,0,1,0,0,0],[0,0,0,0,0,0,1,0,0],[1,0,1,1,-1,-1,-1,1,0],[1,0,0,0,0,0,0,0,1],[1,1,-1,-1,0,0,0,-1,-1]]
U43= [[-1,-1,1,0,0,0,1,1,0],[1,0,0,0,0,0,0,0,0],[0,1,0,0,0,0,0,0,0],[0,0,1,1,1,0,0,0,0],[0,0,1,1,0,1,0,0,0],[0,0,0,0,-1,-1,1,0,0],[0,0,0,0,0,0,-1,0,1],[0,0,1,0,0,0,0,1,-1],[0,0,0,-1,0,0,0,-1,0]]
U44= [[-1,-1,0,0,0,1,0,1,0],[1,0,0,0,0,0,0,0,0],[0,1,0,0,0,0,0,0,0],[0,0,-1,1,0,0,0,0,0],[0,0,0,-1,1,0,0,0,0],[0,0,1,0,1,1,0,0,0],[0,0,1,0,1,0,0,1,0],[0,0,0,0,0,0,1,0,1],[0,0,-1,0,0,-1,1,-1,-1]]
ListSHV_n9_rank9 = [U1,U2,U3,U4,U5,U6,U7,U8,U9,U10,U11,U12,U13,U14,U15,U16,U17,U18,U19,U20,U21,U22,U23,U24,U25,U26,U27,U28,U29,U30,U31,U32,U33,U34,U35,U36,U37,U38,U39,U40,U41,U42,U43,U44]